Area Name,Total/Rural/Urban,Total Population,Male Population,Female Population,Total population attending educational institution,Male population attending educational institution,Female population attending educational institution,Total literates,Male literates,Female literates
INDIA,Total,1028610328,532156772,496453556,228763727,129501591,99262136,202316923,115873108,86443815
State - ANDHRA PRADESH  28,Total,76210007,38527413,37682594,17515658,9669530,7846128,14796657,8337498,6459159
State - ANDHRA PRADESH  28,Rural,55401067,27937204,27463863,11834066,6624355,5209711,9869438,5671454,4197984
State - ANDHRA PRADESH  28,Urban,20808940,10590209,10218731,5681592,3045175,2636417,4927219,2666044,2261175
District - Adilabad  01,Total,2488003,1250958,1237045,599866,335758,264108,503958,288474,215484
District - Adilabad  01,Rural,1827986,915067,912919,390206,222281,167925,319977,188024,131953
District - Adilabad  01,Urban,660017,335891,324126,209660,113477,96183,183981,100450,83531
District - Nizamabad  02,Total,2345685,1162905,1182780,528196,295037,233159,437846,249588,188258
District - Nizamabad  02,Rural,1920947,947773,973174,404897,229310,175587,333098,193174,139924
District - Nizamabad  02,Urban,424738,215132,209606,123299,65727,57572,104748,56414,48334
District - Karimnagar  03,Total,3491822,1747968,1743854,828160,458604,369556,709899,399972,309927
District - Karimnagar  03,Rural,2813010,1402279,1410731,616072,343768,272304,524306,298519,225787
District - Karimnagar  03,Urban,678812,345689,333123,212088,114836,97252,185593,101453,84140
District - Medak  04,Total,2670097,1352446,1317651,599941,338911,261030,495086,285711,209375
District - Medak  04,Rural,2286573,1155418,1131155,488014,279861,208153,399080,234691,164389
District - Medak  04,Urban,383524,197028,186496,111927,59050,52877,96006,51020,44986
District - Hyderabad  05,Total,3829753,1981173,1848580,1156133,612884,543249,965323,517015,448308
District - Hyderabad  05,Rural,0,0,0,0,0,0,0,0,0
District - Hyderabad  05,Urban,3829753,1981173,1848580,1156133,612884,543249,965323,517015,448308
District - Rangareddi  06,Total,3575064,1839227,1735837,924962,506866,418096,777027,431995,345032
District - Rangareddi  06,Rural,1637227,834579,802648,389870,217536,172334,321129,182884,138245
District - Rangareddi  06,Urban,1937837,1004648,933189,535092,289330,245762,455898,249111,206787
District - Mahbubnagar  07,Total,3513934,1782340,1731594,714308,422774,291534,578407,352711,225696
District - Mahbubnagar  07,Rural,3142579,1592325,1550254,597845,359559,238286,477904,297580,180324
District - Mahbubnagar  07,Urban,371355,190015,181340,116463,63215,53248,100503,55131,45372
District - Nalgonda  08,Total,3247982,1651990,1595992,801508,454678,346830,671904,391443,280461
District - Nalgonda  08,Rural,2815304,1429458,1385846,659662,376576,283086,547318,321935,225383
District - Nalgonda  08,Urban,432678,222532,210146,141846,78102,63744,124586,69508,55078
District - Warangal  09,Total,3246004,1644895,1601109,828493,465541,362952,696601,400029,296572
District - Warangal  09,Rural,2622792,1328589,1294203,630149,357588,272561,520763,303327,217436
District - Warangal  09,Urban,623212,316306,306906,198344,107953,90391,175838,96702,79136
District - Khammam  10,Total,2578927,1305543,1273384,596705,330915,265790,506849,287399,219450
District - Khammam  10,Rural,2068066,1047248,1020818,448157,251046,197111,376504,216612,159892
District - Khammam  10,Urban,510861,258295,252566,148548,79869,68679,130345,70787,59558
District - Srikakulam  11,Total,2537593,1260020,1277573,573638,316545,257093,479539,273760,205779
District - Srikakulam  11,Rural,2258934,1121420,1137514,504420,278674,225746,417661,239579,178082
District - Srikakulam  11,Urban,278659,138600,140059,69218,37871,31347,61878,34181,27697
District - Vizianagaram  12,Total,2249254,1119541,1129713,463349,255927,207422,385800,220060,165740
District - Vizianagaram  12,Rural,1836859,914907,921952,361318,201536,159782,297204,172252,124952
District - Vizianagaram  12,Urban,412395,204634,207761,102031,54391,47640,88596,47808,40788
District - Visakhapatnam  13,Total,3832336,1930197,1902139,869362,485128,384234,742763,423012,319751
District - Visakhapatnam  13,Rural,2301437,1149912,1151525,465946,265384,200562,388716,228207,160509
District - Visakhapatnam  13,Urban,1530899,780285,750614,403416,219744,183672,354047,194805,159242
District - East Godavari  14,Total,4901420,2459640,2441780,1050416,551075,499341,912350,484632,427718
District - East Godavari  14,Rural,3749535,1885119,1864416,782842,410547,372295,670607,356969,313638
District - East Godavari  14,Urban,1151885,574521,577364,267574,140528,127046,241743,127663,114080
District - West Godavari  15,Total,3803517,1910038,1893479,854868,447779,407089,731071,388146,342925
District - West Godavari  15,Rural,3052630,1537700,1514930,673613,353953,319660,569217,303799,265418
District - West Godavari  15,Urban,750887,372338,378549,181255,93826,87429,161854,84347,77507
District - Krishna  16,Total,4187841,2117401,2070440,957824,508810,449014,831029,448239,382790
District - Krishna  16,Rural,2844394,1439115,1405279,619883,330747,289136,532902,290069,242833
District - Krishna  16,Urban,1343447,678286,665161,337941,178063,159878,298127,158170,139957
District - Guntur  17,Total,4465144,2250279,2214865,953132,523257,429875,819495,457888,361607
District - Guntur  17,Rural,3179384,1604767,1574617,639669,356649,283020,546443,311577,234866
District - Guntur  17,Urban,1285760,645512,640248,313463,166608,146855,273052,146311,126741
District - Prakasam  18,Total,3059423,1552332,1507091,647595,372884,274711,562295,330516,231779
District - Prakasam  18,Rural,2592055,1316473,1275582,530122,308467,221655,457728,272564,185164
District - Prakasam  18,Urban,467368,235859,231509,117473,64417,53056,104567,57952,46615
District - Nellore  19,Total,2668564,1344935,1323629,605673,324516,281157,507242,280112,227130
District - Nellore  19,Rural,2069521,1043308,1026213,459532,246919,212613,377633,210700,166933
District - Nellore  19,Urban,599043,301627,297416,146141,77597,68544,129609,69412,60197
District - Cuddapah  20,Total,2601797,1318093,1283704,596461,330715,265746,498379,285025,213354
District - Cuddapah  20,Rural,2014044,1021177,992867,449704,251800,197904,369942,215158,154784
District - Cuddapah  20,Urban,587753,296916,290837,146757,78915,67842,128437,69867,58570
District - Kurnool  21,Total,3529494,1796214,1733280,758611,438788,319823,621763,371165,250598
District - Kurnool  21,Rural,2712030,1380605,1331425,551735,326325,225410,442413,272655,169758
District - Kurnool  21,Urban,817464,415609,401855,206876,112463,94413,179350,98510,80840
District - Anantapur  22,Total,3640478,1859588,1780890,791476,443762,347714,665154,380905,284249
District - Anantapur  22,Rural,2720915,1391905,1329010,563133,320288,242845,466216,272435,193781
District - Anantapur  22,Urban,919563,467683,451880,228343,123474,104869,198938,108470,90468
District - Chittoor  23,Total,3745875,1889690,1856185,814981,448376,366605,696877,389701,307176
District - Chittoor  23,Rural,2934845,1478060,1456785,607277,335541,271736,512677,288744,223933
District - Chittoor  23,Urban,811030,411630,399400,207704,112835,94869,184200,100957,83243
State - BIHAR  10,Total,82998509,43243795,39754714,13728783,8569438,5159345,12301498,7790512,4510986
State - BIHAR  10,Rural,74316709,38594996,35721713,11393075,7218932,4174143,10166540,6545335,3621205
State - BIHAR  10,Urban,8681800,4648799,4033001,2335708,1350506,985202,2134958,1245177,889781
District - Pashchim Champaran  01,Total,3043466,1600839,1442627,396232,256090,140142,345807,227405,118402
District - Pashchim Champaran  01,Rural,2733907,1436653,1297254,325217,215326,109891,282990,190900,92090
District - Pashchim Champaran  01,Urban,309559,164186,145373,71015,40764,30251,62817,36505,26312
District - Purba Champaran  02,Total,3939773,2077047,1862726,510904,333485,177419,445607,296026,149581
District - Purba Champaran  02,Rural,3688687,1941681,1747006,451118,298331,152787,391591,263986,127605
District - Purba Champaran  02,Urban,251086,135366,115720,59786,35154,24632,54016,32040,21976
District - Sheohar *  03,Total,515961,273680,242281,60754,38981,21773,54116,35234,18882
District - Sheohar *  03,Rural,494699,262363,232336,57738,37124,20614,51372,33536,17836
District - Sheohar *  03,Urban,21262,11317,9945,3016,1857,1159,2744,1698,1046
District - Sitamarhi  04,Total,2682720,1417611,1265109,351213,223730,127483,320089,206491,113598
District - Sitamarhi  04,Rural,2529407,1335214,1194193,315716,203002,112714,287128,187102,100026
District - Sitamarhi  04,Urban,153313,82397,70916,35497,20728,14769,32961,19389,13572
District - Madhubani  05,Total,3575281,1840997,1734284,523714,343068,180646,473888,315040,158848
District - Madhubani  05,Rural,3450736,1775203,1675533,495202,325899,169303,447331,298918,148413
District - Madhubani  05,Urban,124545,65794,58751,28512,17169,11343,26557,16122,10435
District - Supaul *  06,Total,1732578,902207,830371,202334,140760,61574,181200,128024,53176
District - Supaul *  06,Rural,1644370,855183,789187,183144,128933,54211,163464,116977,46487
District - Supaul *  06,Urban,88208,47024,41184,19190,11827,7363,17736,11047,6689
District - Araria  07,Total,2158608,1128105,1030503,240394,155048,85346,210314,138505,71809
District - Araria  07,Rural,2026257,1057202,969055,212837,138945,73892,184987,123549,61438
District - Araria  07,Urban,132351,70903,61448,27557,16103,11454,25327,14956,10371
District - Kishanganj  08,Total,1296348,669552,626796,125343,79349,45994,110134,70763,39371
District - Kishanganj  08,Rural,1167340,600300,567040,99080,63408,35672,86086,56023,30063
District - Kishanganj  08,Urban,129008,69252,59756,26263,15941,10322,24048,14740,9308
District - Purnia  09,Total,2543942,1328417,1215525,304705,195480,109225,268814,175552,93262
District - Purnia  09,Rural,2321544,1208292,1113252,246376,160919,85457,215137,143411,71726
District - Purnia  09,Urban,222398,120125,102273,58329,34561,23768,53677,32141,21536
District - Katihar  10,Total,2392638,1246872,1145766,277968,173543,104425,247729,157095,90634
District - Katihar  10,Rural,2174361,1130114,1044247,222599,142033,80566,195922,127389,68533
District - Katihar  10,Urban,218277,116758,101519,55369,31510,23859,51807,29706,22101
District - Madhepura  11,Total,1526646,797180,729466,175458,119467,55991,157098,108668,48430
District - Madhepura  11,Rural,1458679,760198,698481,158994,109430,49564,141983,99358,42625
District - Madhepura  11,Urban,67967,36982,30985,16464,10037,6427,15115,9310,5805
District - Saharsa  12,Total,1508182,789432,718750,195358,131596,63762,175578,119786,55792
District - Saharsa  12,Rural,1383015,721714,661301,161666,110812,50854,144314,100352,43962
District - Saharsa  12,Urban,125167,67718,57449,33692,20784,12908,31264,19434,11830
District - Darbhanga  13,Total,3295789,1722189,1573600,506265,322678,183587,456890,295138,161752
District - Darbhanga  13,Rural,3028441,1579812,1448629,431486,279596,151890,387441,254782,132659
District - Darbhanga  13,Urban,267348,142377,124971,74779,43082,31697,69449,40356,29093
District - Muzaffarpur  14,Total,3746714,1951466,1795248,634515,385828,248687,568263,349498,218765
District - Muzaffarpur  14,Rural,3398361,1764648,1633713,535120,329408,205712,477299,297566,179733
District - Muzaffarpur  14,Urban,348353,186818,161535,99395,56420,42975,90964,51932,39032
District - Gopalganj  15,Total,2152638,1075710,1076928,412094,251807,160287,361537,224821,136716
District - Gopalganj  15,Rural,2022048,1007970,1014078,380150,233414,146736,333336,208430,124906
District - Gopalganj  15,Urban,130590,67740,62850,31944,18393,13551,28201,16391,11810
District - Siwan  16,Total,2714349,1336283,1378066,549797,328887,220910,488338,296025,192313
District - Siwan  16,Rural,2564860,1257556,1307304,509463,306132,203331,451762,275246,176516
District - Siwan  16,Urban,149489,78727,70762,40334,22755,17579,36576,20779,15797
District - Saran  17,Total,3248701,1652661,1596040,620870,384572,236298,557446,350150,207296
District - Saran  17,Rural,2950064,1494636,1455428,546589,341326,205263,489634,310323,179311
District - Saran  17,Urban,298637,158025,140612,74281,43246,31035,67812,39827,27985
District - Vaishali  18,Total,2718421,1415603,1302818,499347,306317,193030,454854,282726,172128
District - Vaishali  18,Rural,2531766,1316796,1214970,453767,279823,173944,413105,258204,154901
District - Vaishali  18,Urban,186655,98807,87848,45580,26494,19086,41749,24522,17227
District - Samastipur  19,Total,3394793,1760692,1634101,535204,333824,201380,479700,303359,176341
District - Samastipur  19,Rural,3271338,1694987,1576351,500562,313784,186778,447611,284679,162932
District - Samastipur  19,Urban,123455,65705,57750,34642,20040,14602,32089,18680,13409
District - Begusarai  20,Total,2349366,1228874,1120492,398856,243270,155586,357966,221364,136602
District - Begusarai  20,Rural,2241743,1171333,1070410,367495,225356,142139,329115,204769,124346
District - Begusarai  20,Urban,107623,57541,50082,31361,17914,13447,28851,16595,12256
District - Khagaria  21,Total,1280354,679267,601087,184939,117034,67905,164609,105996,58613
District - Khagaria  21,Rural,1204027,637823,566204,165896,105874,60022,146893,95549,51344
District - Khagaria  21,Urban,76327,41444,34883,19043,11160,7883,17716,10447,7269
District - Bhagalpur  22,Total,2423172,1291658,1131514,430815,265672,165143,388254,243053,145201
District - Bhagalpur  22,Rural,1970745,1049140,921605,312112,197574,114538,279470,180048,99422
District - Bhagalpur  22,Urban,452427,242518,209909,118703,68098,50605,108784,63005,45779
District - Banka *  23,Total,1608773,843293,765480,229184,147917,81267,206396,135261,71135
District - Banka *  23,Rural,1552353,813088,739265,217557,141137,76420,195760,129011,66749
District - Banka *  23,Urban,56420,30205,26215,11627,6780,4847,10636,6250,4386
District - Munger  24,Total,1137797,607730,530067,245067,147640,97427,221105,135079,86026
District - Munger  24,Rural,819950,437364,382586,154084,95975,58109,138402,87706,50696
District - Munger  24,Urban,317847,170366,147481,90983,51665,39318,82703,47373,35330
District - Lakhisarai *  25,Total,802225,417672,384553,132719,83060,49659,118512,75134,43378
District - Lakhisarai *  25,Rural,684485,355141,329344,107447,68089,39358,95855,61558,34297
District - Lakhisarai *  25,Urban,117740,62531,55209,25272,14971,10301,22657,13576,9081
District - Sheikhpura *  26,Rural,444189,230820,213369,66845,43384,23461,61363,40369,20994
District - Sheikhpura *  26,Urban,81313,43172,38141,19482,11621,7861,17903,10769,7134
District - Nalanda  27,Total,2370528,1238599,1131929,438518,270166,168352,395188,246606,148582
District - Nalanda  27,Rural,2016899,1052091,964808,347901,218468,129433,312694,199072,113622
District - Nalanda  27,Urban,353629,186508,167121,90617,51698,38919,82494,47534,34960
District - Patna  28,Total,4718592,2519942,2198650,1083181,646519,436662,980884,591877,389007
District - Patna  28,Rural,2757060,1456408,1300652,492290,305171,187119,440235,277108,163127
District - Patna  28,Urban,1961532,1063534,897998,590891,341348,249543,540649,314769,225880
District - Bhojpur  29,Total,2243144,1179611,1063533,479623,301416,178207,432683,275960,156723
District - Bhojpur  29,Rural,1930730,1010076,920654,395297,252226,143071,354406,229997,124409
District - Bhojpur  29,Urban,312414,169535,142879,84326,49190,35136,78277,45963,32314
District - Buxar *  30,Total,1402396,738354,664042,285461,182381,103080,258719,167837,90882
District - Buxar *  30,Rural,1273422,669408,604014,250491,162045,88446,226908,149150,77758
District - Buxar *  30,Urban,128974,68946,60028,34970,20336,14634,31811,18687,13124
District - Kaimur (Bhabua) *  31,Total,1289074,677623,611451,250295,158107,92188,227848,146174,81674
District - Kaimur (Bhabua) *  31,Rural,1247299,654826,592473,237671,150611,87060,216157,139182,76975
District - Kaimur (Bhabua) *  31,Urban,41775,22797,18978,12624,7496,5128,11691,6992,4699
District - Rohtas  32,Total,2450748,1283485,1167263,545973,329252,216721,488745,299114,189631
District - Rohtas  32,Rural,2123942,1110083,1013859,453815,277099,176716,405712,251702,154010
District - Rohtas  32,Urban,326806,173402,153404,92158,52153,40005,83033,47412,35621
District - Jehanabad  33,Total,1514315,784946,729369,295170,180692,114478,262988,163275,99713
District - Jehanabad  33,Urban,111612,59387,52225,29977,17514,12463,27170,16086,11084
District - Aurangabad  34,Total,2013055,1040945,972110,404861,243526,161335,361314,220677,140637
District - Aurangabad  34,Rural,1842998,951399,891599,357717,216882,140835,318457,196216,122241
District - Aurangabad  34,Urban,170057,89546,80511,47144,26644,20500,42857,24461,18396
District - Gaya  35,Total,3473428,1792163,1681265,630451,382811,247640,562022,346880,215142
District - Gaya  35,Rural,2997479,1538787,1458692,492079,304013,188066,436661,274831,161830
District - Gaya  35,Urban,475949,253376,222573,138372,78798,59574,125361,72049,53312
District - Nawada  36,Total,1809696,929960,879736,286716,179860,106856,260491,165838,94653
District - Nawada  36,Rural,1671253,857016,814237,249761,158534,91227,226786,146196,80590
District - Nawada  36,Urban,138443,72944,65499,36955,21326,15629,33705,19642,14063
District - Jamui *  37,Total,1398796,729138,669658,198158,130600,67558,177106,118943,58163
District - Jamui *  37,Rural,1295552,674112,621440,172600,115671,56929,153355,104951,48404
District - Jamui *  37,Urban,103244,55026,48218,25558,14929,10629,23751,13992,9759
State - DAMAN & DIU  25,Total,158204,92512,65692,30511,16752,13759,26603,14716,11887
State - DAMAN & DIU  25,Rural,100856,63606,37250,17491,9632,7859,15264,8462,6802
State - DAMAN & DIU  25,Urban,57348,28906,28442,13020,7120,5900,11339,6254,5085
District - Diu  01,Total,44215,20878,23337,11496,6300,5196,10025,5530,4495
District - Diu  01,Rural,22637,10949,11688,6164,3406,2758,5368,2986,2382
District - Diu  01,Urban,21578,9929,11649,5332,2894,2438,4657,2544,2113
District - Daman  02,Total,113989,71634,42355,19015,10452,8563,16578,9186,7392
District - Daman  02,Rural,78219,52657,25562,11327,6226,5101,9896,5476,4420
District - Daman  02,Urban,35770,18977,16793,7688,4226,3462,6682,3710,2972
State - GOA  30,Total,1347668,687248,660420,293522,154699,138823,262750,139253,123497
State - GOA  30,Rural,677091,340545,336546,142056,74489,67567,127381,67202,60179
State - GOA  30,Urban,670577,346703,323874,151466,80210,71256,135369,72051,63318
District - North Goa  01,Total,758573,388502,370071,162963,86432,76531,146735,78251,68484
District - North Goa  01,Rural,416824,211543,205281,86417,45602,40815,78047,41417,36630
District - North Goa  01,Urban,341749,176959,164790,76546,40830,35716,68688,36834,31854
District - South Goa  02,Total,589095,298746,290349,130559,68267,62292,116015,61002,55013
District - South Goa  02,Rural,260267,129002,131265,55639,28887,26752,49334,25785,23549
District - South Goa  02,Urban,328828,169744,159084,74920,39380,35540,66681,35217,31464
State - KARNATAKA  29,Total,52850562,26898918,25951644,11314196,6199480,5114716,10353434,5718548,4634886
State - KARNATAKA  29,Rural,34889033,17648958,17240075,6965018,3885153,3079865,6371956,3588464,2783492
State - KARNATAKA  29,Urban,17961529,9249960,8711569,4349178,2314327,2034851,3981478,2130084,1851394
District - Belgaum  01,Total,4214505,2150090,2064415,894870,502072,392798,829253,468907,360346
District - Belgaum  01,Rural,3201814,1630756,1571058,646850,368123,278727,599100,344131,254969
District - Belgaum  01,Urban,1012691,519334,493357,248020,133949,114071,230153,124776,105377
District - Bagalkot *  02,Total,1651892,834247,817645,343503,196036,147467,316312,182651,133661
District - Bagalkot *  02,Rural,1173372,591400,581972,225308,131594,93714,205537,121784,83753
District - Bagalkot *  02,Urban,478520,242847,235673,118195,64442,53753,110775,60867,49908
District - Bijapur  03,Total,1806918,926424,880494,391025,229427,161598,366180,217076,149104
District - Bijapur  03,Rural,1410829,723276,687553,285295,170808,114487,266698,161587,105111
District - Bijapur  03,Urban,396089,203148,192941,105730,58619,47111,99482,55489,43993
District - Gulbarga  04,Total,3130922,1592789,1538133,642010,370506,271504,573432,335107,238325
District - Gulbarga  04,Rural,2278301,1152343,1125958,402463,239001,163462,358526,216218,142308
District - Gulbarga  04,Urban,852621,440446,412175,239547,131505,108042,214906,118889,96017
District - Bidar  05,Total,1502373,771022,731351,383711,215519,168192,348531,197879,150652
District - Bidar  05,Rural,1157498,591653,565845,278771,158338,120433,254258,146169,108089
District - Bidar  05,Urban,344875,179369,165506,104940,57181,47759,94273,51710,42563
District - Raichur  06,Total,1669762,841840,827922,305581,181274,124307,277955,166999,110956
District - Raichur  06,Rural,1248925,626859,622066,200333,122988,77345,181414,113143,68271
District - Raichur  06,Urban,420837,214981,205856,105248,58286,46962,96541,53856,42685
District - Koppal *  07,Total,1196089,603312,592777,232117,134880,97237,211047,124207,86840
District - Koppal *  07,Rural,997797,502732,495065,184928,109093,75835,167222,100131,67091
District - Koppal *  07,Urban,198292,100580,97712,47189,25787,21402,43825,24076,19749
District - Gadag *  08,Total,971835,493533,478302,209247,117035,92212,196444,110766,85678
District - Gadag *  08,Rural,629652,319629,310023,127467,71856,55611,119342,67931,51411
District - Gadag *  08,Urban,342183,173904,168279,81780,45179,36601,77102,42835,34267
District - Dharwad  09,Total,1604253,823204,781049,361211,196774,164437,335788,184211,151577
District - Dharwad  09,Rural,722336,371275,351061,140361,77813,62548,128980,72112,56868
District - Dharwad  09,Urban,881917,451929,429988,220850,118961,101889,206808,112099,94709
District - Uttara Kannada  10,Total,1353644,686876,666768,289328,155115,134213,265819,143261,122558
District - Uttara Kannada  10,Rural,965731,489908,475823,195412,105910,89502,178558,97394,81164
District - Uttara Kannada  10,Urban,387913,196968,190945,93916,49205,44711,87261,45867,41394
District - Haveri *  11,Total,1439116,740469,698647,304082,166452,137630,283490,156334,127156
District - Haveri *  11,Rural,1140096,586935,553161,232496,128378,104118,216271,120360,95911
District - Haveri *  11,Urban,299020,153534,145486,71586,38074,33512,67219,35974,31245
District - Bellary  12,Total,2027140,1029714,997426,412025,236888,175137,375868,218440,157428
District - Bellary  12,Rural,1320290,668534,651756,245018,144554,100464,222140,132817,89323
District - Bellary  12,Urban,706850,361180,345670,167007,92334,74673,153728,85623,68105
District - Chitradurga  13,Total,1517896,776221,741675,332345,183650,148695,306213,170740,135473
District - Chitradurga  13,Rural,1243658,635442,608216,261427,145746,115681,240072,135215,104857
District - Chitradurga  13,Urban,274238,140779,133459,70918,37904,33014,66141,35525,30616
District - Davanagere*  14,Total,1790952,917705,873247,395202,215556,179646,363873,199960,163913
District - Davanagere*  14,Rural,1247954,637670,610284,257871,141813,116058,235524,130682,104842
District - Davanagere*  14,Urban,542998,280035,262963,137331,73743,63588,128349,69278,59071
District - Shimoga  15,Total,1642545,830559,811986,351350,183554,167796,325310,170580,154730
District - Shimoga  15,Rural,1071535,540238,531297,213633,112987,100646,196230,104359,91871
District - Shimoga  15,Urban,571010,290321,280689,137717,70567,67150,129080,66221,62859
District - Udupi *  16,Total,1112243,522231,590012,254734,131160,123574,239565,123545,116020
District - Udupi *  16,Rural,905890,421056,484834,205017,106004,99013,192777,99883,92894
District - Udupi *  16,Urban,206353,101175,105178,49717,25156,24561,46788,23662,23126
District - Chikmagalur  17,Total,1140905,574911,565994,230902,121413,109489,212758,112396,100362
District - Chikmagalur  17,Rural,918181,461286,456895,176235,93344,82891,161999,86266,75733
District - Chikmagalur  17,Urban,222724,113625,109099,54667,28069,26598,50759,26130,24629
District - Tumkur  18,Total,2584711,1313801,1270910,552465,299472,252993,507451,277233,230218
District - Tumkur  18,Rural,2077509,1052113,1025396,425760,231329,194431,391132,214211,176921
District - Tumkur  18,Urban,507202,261688,245514,126705,68143,58562,116319,63022,53297
District - Kolar  19,Total,2536069,1286193,1249876,558740,304879,253861,504476,278083,226393
District - Kolar  19,Rural,1910546,968253,942293,402231,222894,179337,362121,203084,159037
District - Kolar  19,Urban,625523,317940,307583,156509,81985,74524,142355,74999,67356
District - Bangalore  20,Total,6537124,3426599,3110525,1467790,775634,692156,1310042,696797,613245
District - Bangalore  20,Rural,777137,406201,370936,164134,87613,76521,146779,79285,67494
District - Bangalore  20,Urban,5759987,3020398,2739589,1303656,688021,615635,1163263,617512,545751
District - Bangalore Rural  21,Total,1881514,962183,919331,405630,218958,186672,372829,202627,170202
District - Bangalore Rural  21,Rural,1474118,752077,722041,312893,170456,142437,287417,157784,129633
District - Bangalore Rural  21,Urban,407396,210106,197290,92737,48502,44235,85412,44843,40569
District - Mandya  22,Total,1763705,888034,875671,367800,195819,171981,335474,179770,155704
District - Mandya  22,Rural,1480990,744276,736714,299427,160161,139266,272382,146715,125667
District - Mandya  22,Urban,282715,143758,138957,68373,35658,32715,63092,33055,30037
District - Hassan  23,Total,1721669,859086,862583,363466,191456,172010,335884,177736,158148
District - Hassan  23,Rural,1416996,703957,713039,284569,150678,133891,261836,139360,122476
District - Hassan  23,Urban,304673,155129,149544,78897,40778,38119,74048,38376,35672
District - Dakshina Kannada  24,Total,1897730,938434,959296,421760,220496,201264,390585,204700,185885
District - Dakshina Kannada  24,Rural,1168428,574657,593771,247951,131535,116416,229958,122356,107602
District - Dakshina Kannada  24,Urban,729302,363777,365525,173809,88961,84848,160627,82344,78283
District - Kodagu  25,Total,548561,274831,273730,110299,57022,53277,101046,52394,48652
District - Kodagu  25,Rural,473179,236270,236909,92094,47908,44186,84202,43941,40261
District - Kodagu  25,Urban,75382,38561,36821,18205,9114,9091,16844,8453,8391
District - Mysore  26,Total,2641027,1344670,1296357,557115,301958,255157,508710,277965,230745
District - Mysore  26,Rural,1658899,845379,813520,314901,175755,139146,283682,160188,123494
District - Mysore  26,Urban,982128,499291,482837,242214,126203,116011,225028,117777,107251
District - Chamarajanagar*  27,Total,965462,489940,475522,175888,96475,79413,159099,88184,70915
District - Chamarajanagar*  27,Rural,817372,414783,402589,142173,78474,63699,127799,71358,56441
District - Chamarajanagar*  27,Urban,148090,75157,72933,33715,18001,15714,31300,16826,14474
State - LAKSHADWEEP  31,Total,60650,31131,29519,17066,9252,7814,14311,7829,6482
State - LAKSHADWEEP  31,Rural,33683,17191,16492,9531,5097,4434,7950,4284,3666
State - LAKSHADWEEP  31,Urban,26967,13940,13027,7535,4155,3380,6361,3545,2816
District - Lakshadweep  01,Total,60650,31131,29519,17066,9252,7814,14311,7829,6482
District - Lakshadweep  01,Rural,33683,17191,16492,9531,5097,4434,7950,4284,3666
District - Lakshadweep  01,Urban,26967,13940,13027,7535,4155,3380,6361,3545,2816
State - MANIPUR  14,Total,2166788,1095634,1071154,714762,378264,336498,594694,317520,277174
State - MANIPUR  14,Rural,1590820,808953,781867,510074,272704,237370,419463,226748,192715
State - MANIPUR  14,Urban,575968,286681,289287,204688,105560,99128,175231,90772,84459
District - Senapati  01,Total,156513,80230,76283,46918,25212,21706,39707,21533,18174
District - Senapati  01,Rural,156513,80230,76283,46918,25212,21706,39707,21533,18174
District - Senapati  01,Urban,0,0,0,0,0,0,0,0,0
District - Tamenglong  02,Total,111499,58014,53485,35171,19339,15832,27278,15268,12010
District - Tamenglong  02,Rural,111499,58014,53485,35171,19339,15832,27278,15268,12010
District - Tamenglong  02,Urban,0,0,0,0,0,0,0,0,0
District - Churachandpur  03,Total,227905,117232,110673,69882,37506,32376,55954,30502,25452
District - Churachandpur  03,Rural,227905,117232,110673,69882,37506,32376,55954,30502,25452
District - Churachandpur  03,Urban,0,0,0,0,0,0,0,0,0
District - Bishnupur  04,Total,208368,104550,103818,66047,35139,30908,55028,29624,25404
District - Bishnupur  04,Rural,133627,67009,66618,40973,21913,19060,33934,18403,15531
District - Bishnupur  04,Urban,74741,37541,37200,25074,13226,11848,21094,11221,9873
District - Thoubal  05,Total,364140,182250,181890,117227,62710,54517,96465,52272,44193
District - Thoubal  05,Rural,232868,116735,116133,71929,39005,32924,58691,32309,26382
District - Thoubal  05,Urban,131272,65515,65757,45298,23705,21593,37774,19963,17811
District - Imphal West  06,Total,444382,221781,222601,156605,80403,76202,134164,69098,65066
District - Imphal West  06,Rural,197699,99278,98421,68045,35173,32872,56882,29538,27344
District - Imphal West  06,Urban,246683,122503,124180,88560,45230,43330,77282,39560,37722
District - Imphal East *  07,Total,394876,198371,196505,136494,71544,64950,114380,60332,54048
District - Imphal East *  07,Rural,286566,144866,141700,95244,50624,44620,78664,42186,36478
District - Imphal East *  07,Urban,108310,53505,54805,41250,20920,20330,35716,18146,17570
District - Ukhrul  08,Total,140778,73465,67313,52618,28008,24610,43184,23202,19982
District - Ukhrul  08,Rural,140778,73465,67313,52618,28008,24610,43184,23202,19982
District - Ukhrul  08,Urban,0,0,0,0,0,0,0,0,0
District - Chandel  09,Total,118327,59741,58586,33800,18403,15397,28534,15689,12845
District - Chandel  09,Rural,103365,52124,51241,29294,15924,13370,25169,13807,11362
District - Chandel  09,Urban,14962,7617,7345,4506,2479,2027,3365,1882,1483
State - MIZORAM  15,Total,888573,459109,429464,241314,125079,116235,215981,112047,103934
State - MIZORAM  15,Rural,447567,232726,214841,104615,55506,49109,91852,48928,42924
State - MIZORAM  15,Urban,441006,226383,214623,136699,69573,67126,124129,63119,61010
District - Mamit *  01,Total,62785,33114,29671,13931,7462,6469,12406,6625,5781
District - Mamit *  01,Rural,52132,27603,24529,11044,5978,5066,9808,5305,4503
District - Mamit *  01,Urban,10653,5511,5142,2887,1484,1403,2598,1320,1278
District - Kolasib *  02,Total,65960,34562,31398,17073,8754,8319,15283,7879,7404
District - Kolasib *  02,Rural,29461,15561,13900,6384,3295,3089,5707,2970,2737
District - Kolasib *  02,Urban,36499,19001,17498,10689,5459,5230,9576,4909,4667
District - Aizawl  03,Total,325676,166877,158799,98588,50076,48512,89717,45461,44256
District - Aizawl  03,Rural,77531,40333,37198,20489,10573,9916,18289,9402,8887
District - Aizawl  03,Urban,248145,126544,121601,78099,39503,38596,71428,36059,35369
District - Champhai *  04,Total,108392,55756,52636,29646,15271,14375,26114,13537,12577
District - Champhai *  04,Rural,66343,33796,32547,17665,9151,8514,15319,8002,7317
District - Champhai *  04,Urban,42049,21960,20089,11981,6120,5861,10795,5535,5260
District - Serchhip *  05,Total,53861,27380,26481,15550,7995,7555,13749,7059,6690
District - Serchhip *  05,Rural,27983,14369,13614,7775,4040,3735,6851,3546,3305
District - Serchhip *  05,Urban,25878,13011,12867,7775,3955,3820,6898,3513,3385
District - Lunglei  06,Total,137223,71402,65821,33495,17562,15933,29953,15729,14224
District - Lunglei  06,Rural,79267,41283,37984,15418,8278,7140,13678,7394,6284
District - Lunglei  06,Urban,57956,30119,27837,18077,9284,8793,16275,8335,7940
District - Lawngtlai  07,Total,73620,38776,34844,15228,8654,6574,13407,7702,5705
District - Lawngtlai  07,Rural,73620,38776,34844,15228,8654,6574,13407,7702,5705
District - Lawngtlai  07,Urban,0,0,0,0,0,0,0,0,0
District - Saiha *  08,Total,61056,31242,29814,17803,9305,8498,15352,8055,7297
District - Saiha *  08,Rural,41230,21005,20225,10612,5537,5075,8793,4607,4186
District - Saiha *  08,Urban,19826,10237,9589,7191,3768,3423,6559,3448,3111
State - NAGALAND  13,Total,1990036,1047141,942895,651404,350165,301239,566825,306921,259904
State - NAGALAND  13,Rural,1647249,859716,787533,519238,279749,239489,451206,245025,206181
State - NAGALAND  13,Urban,342787,187425,155362,132166,70416,61750,115619,61896,53723
District - Mon  01,Total,260652,138753,121899,54175,30011,24164,47998,26790,21208
District - Mon  01,Rural,244062,129615,114447,47220,26231,20989,42191,23607,18584
District - Mon  01,Urban,16590,9138,7452,6955,3780,3175,5807,3183,2624
District - Tuensang  02,Total,414818,218678,196140,114900,64011,50889,102344,57610,44734
District - Tuensang  02,Rural,385046,201985,183061,103190,57679,45511,91888,51903,39985
District - Tuensang  02,Urban,29772,16693,13079,11710,6332,5378,10456,5707,4749
District - Mokokchung  03,Total,232085,120929,111156,94313,49422,44891,84669,44554,40115
District - Mokokchung  03,Rural,200871,103748,97123,82325,43254,39071,73871,39020,34851
District - Mokokchung  03,Urban,31214,17181,14033,11988,6168,5820,10798,5534,5264
District - Zunheboto  04,Total,153955,79056,74899,54162,28398,25764,46355,24273,22082
District - Zunheboto  04,Rural,130874,66438,64436,43942,23048,20894,37102,19424,17678
District - Zunheboto  04,Urban,23081,12618,10463,10220,5350,4870,9253,4849,4404
District - Wokha  05,Total,161223,83670,77553,67453,36095,31358,60733,32830,27903
District - Wokha  05,Rural,123587,63259,60328,48155,25618,22537,42969,23145,19824
District - Wokha  05,Urban,37636,20411,17225,19298,10477,8821,17764,9685,8079
District - Dimapur *  06,Total,309024,166663,142361,101580,54103,47477,87863,47041,40822
District - Dimapur *  06,Rural,194424,104263,90161,64330,34204,30126,55925,29904,26021
District - Dimapur *  06,Urban,114600,62400,52200,37250,19899,17351,31938,17137,14801
District - Kohima  07,Total,310084,162251,147833,114353,60745,53608,94894,50818,44076
District - Kohima  07,Rural,233054,120590,112464,83695,44647,39048,69124,37197,31927
District - Kohima  07,Urban,77030,41661,35369,30658,16098,14560,25770,13621,12149
District - Phek  08,Total,148195,77141,71054,50468,27380,23088,41969,23005,18964
District - Phek  08,Rural,135331,69818,65513,46381,25068,21313,38136,20825,17311
District - Phek  08,Urban,12864,7323,5541,4087,2312,1775,3833,2180,1653
State - PUNJAB  03,Total,24358999,12985045,11373954,5811218,3192103,2619115,5201946,2857105,2344841
State - PUNJAB  03,Rural,16096488,8516596,7579892,3673107,2036137,1636970,3297232,1830393,1466839
State - PUNJAB  03,Urban,8262511,4468449,3794062,2138111,1155966,982145,1904714,1026712,878002
District - Gurdaspur  01,Total,2104011,1113077,990934,522028,285123,236905,467377,255142,212235
District - Gurdaspur  01,Rural,1568788,826787,742001,374972,205938,169034,335831,184640,151191
District - Gurdaspur  01,Urban,535223,286290,248933,147056,79185,67871,131546,70502,61044
District - Amritsar  02,Total,3096077,1650589,1445488,713592,400309,313283,637613,357530,280083
District - Amritsar  02,Rural,1872802,993631,879171,405867,232907,172960,363518,209020,154498
District - Amritsar  02,Urban,1223275,656958,566317,307725,167402,140323,274095,148510,125585
District - Kapurthala  03,Total,754521,399623,354898,193070,104759,88311,169224,91450,77774
District - Kapurthala  03,Rural,507994,265973,242021,126103,68423,57680,110553,59728,50825
District - Kapurthala  03,Urban,246527,133650,112877,66967,36336,30631,58671,31722,26949
District - Jalandhar  04,Total,1962700,1040177,922523,496406,263590,232816,444755,235607,209148
District - Jalandhar  04,Rural,1030717,539021,491696,252471,133986,118485,226869,120253,106616
District - Jalandhar  04,Urban,931983,501156,430827,243935,129604,114331,217886,115354,102532
District - Hoshiarpur  05,Total,1480736,765132,715604,377177,200776,176401,347399,184762,162637
District - Hoshiarpur  05,Rural,1188662,610675,577987,298138,159148,138990,274304,146377,127927
District - Hoshiarpur  05,Urban,292074,154457,137617,79039,41628,37411,73095,38385,34710
District - Nawanshahr *  06,Total,587468,306902,280566,152270,79589,72681,135288,71300,63988
District - Nawanshahr *  06,Rural,506402,264515,241887,130353,68272,62081,115751,61268,54483
District - Rupnagar  07,Total,1116108,596582,519526,284725,155105,129620,260335,141819,118516
District - Rupnagar  07,Rural,753701,403147,350554,182953,99956,82997,167447,91541,75906
District - Rupnagar  07,Urban,362407,193435,168972,101772,55149,46623,92888,50278,42610
District - Fatehgarh Sahib *  08,Total,538041,290137,247904,131372,71470,59902,120195,65288,54907
District - Fatehgarh Sahib *  08,Rural,386950,207937,179013,92008,50431,41577,84896,46457,38439
District - Fatehgarh Sahib *  08,Urban,151091,82200,68891,39364,21039,18325,35299,18831,16468
District - Ludhiana  09,Total,3032831,1662716,1370115,728673,393672,335001,649128,349797,299331
District - Ludhiana  09,Rural,1339178,712593,626585,317199,170492,146707,289076,155174,133902
District - Ludhiana  09,Urban,1693653,950123,743530,411474,223180,188294,360052,194623,165429
District - Moga *  10,Total,894854,474139,420715,199749,107913,91836,178644,96308,82336
District - Moga *  10,Rural,716214,379322,336892,156075,84684,71391,139429,75560,63869
District - Moga *  10,Urban,178640,94817,83823,43674,23229,20445,39215,20748,18467
District - Firozpur  11,Total,1746107,926224,819883,390491,222931,167560,343597,197196,146401
District - Firozpur  11,Rural,1295382,683870,611512,272994,159273,113721,239852,141050,98802
District - Firozpur  11,Urban,450725,242354,208371,117497,63658,53839,103745,56146,47599
District - Muktsar *  12,Total,777493,411217,366276,163335,92590,70745,146338,83191,63147
District - Muktsar *  12,Rural,578929,306070,272859,113371,65249,48122,101527,58644,42883
District - Muktsar *  12,Urban,198564,105147,93417,49964,27341,22623,44811,24547,20264
District - Faridkot  13,Total,550892,292596,258296,124852,69333,55519,110582,61408,49174
District - Faridkot  13,Rural,357321,188943,168378,75135,42308,32827,66496,37521,28975
District - Faridkot  13,Urban,193571,103653,89918,49717,27025,22692,44086,23887,20199
District - Bathinda  14,Total,1183295,632809,550486,268873,149859,119014,240909,134519,106390
District - Bathinda  14,Rural,831541,444118,387423,174369,97851,76518,155616,87625,67991
District - Bathinda  14,Urban,351754,188691,163063,94504,52008,42496,85293,46894,38399
District - Mansa *  15,Total,688758,366446,322312,147799,82888,64911,129732,72775,56957
District - Mansa *  15,Rural,546329,290763,255566,111245,63006,48239,97136,55081,42055
District - Mansa *  15,Urban,142429,75683,66746,36554,19882,16672,32596,17694,14902
District - Sangrur  16,Total,2000173,1069289,930884,456725,255003,201722,409122,228702,180420
District - Sangrur  16,Rural,1415354,756598,658756,309674,174841,134833,277666,157123,120543
District - Sangrur  16,Urban,584819,312691,272128,147051,80162,66889,131456,71579,59877
District - Patiala  17,Total,1844934,987390,857544,460081,257193,202888,411708,230311,181397
District - Patiala  17,Rural,1200224,642633,557591,280180,159372,120808,251265,143331,107934
District - Patiala  17,Urban,644710,344757,299953,179901,97821,82080,160443,86980,73463
State - SIKKIM  11,Total,540851,288484,252367,156112,80437,75675,127789,66123,61666
State - SIKKIM  11,Rural,480981,255774,225207,138268,71018,67250,112356,57972,54384
State - SIKKIM  11,Urban,59870,32710,27160,17844,9419,8425,15433,8151,7282
District - North  01,Total,41030,23414,17616,10508,5496,5012,8869,4665,4204
District - North  01,Rural,39782,22643,17139,10210,5316,4894,8601,4506,4095
District - North  01,Urban,1248,771,477,298,180,118,268,159,109
District - West  02,Total,123256,63912,59344,34917,18075,16842,26995,14053,12942
District - West  02,Rural,121432,62885,58547,34422,17810,16612,26600,13841,12759
District - West  02,Urban,1824,1027,797,495,265,230,395,212,183
District - South  03,Total,131525,68241,63284,38046,19228,18818,30753,15511,15242
District - South  03,Rural,127579,66096,61483,36765,18564,18201,29660,14955,14705
District - South  03,Urban,3946,2145,1801,1281,664,617,1093,556,537
District - East  04,Total,245040,132917,112123,72641,37638,35003,61172,31894,29278
District - East  04,Rural,192188,104150,88038,56871,29328,27543,47495,24670,22825
District - East  04,Urban,52852,28767,24085,15770,8310,7460,13677,7224,6453
State - TRIPURA  16,Total,3199203,1642225,1556978,805141,431233,373908,733164,395434,337730
State - TRIPURA  16,Rural,2653453,1363638,1289815,668260,360212,308048,605268,328892,276376
State - TRIPURA  16,Urban,545750,278587,267163,136881,71021,65860,127896,66542,61354
District - West Tripura  01,Total,1532982,785579,747403,404511,214690,189821,370644,198081,172563
District - West Tripura  01,Rural,1122915,577182,545733,301889,161654,140235,274678,148326,126352
District - West Tripura  01,Urban,410067,208397,201670,102622,53036,49586,95966,49755,46211
District - South Tripura  02,Total,767440,394605,372835,192781,105166,87615,173889,95626,78263
District - South Tripura  02,Rural,713293,366333,346960,178871,97729,81142,160995,88694,72301
District - South Tripura  02,Urban,54147,28272,25875,13910,7437,6473,12894,6932,5962
District - Dhalai  *  03,Total,307868,159095,148773,68103,37533,30570,61309,34083,27226
District - Dhalai  *  03,Rural,289001,149128,139873,63551,35136,28415,57023,31828,25195
District - Dhalai  *  03,Urban,18867,9967,8900,4552,2397,2155,4286,2255,2031
District - North Tripura  04,Total,590913,302946,287967,139746,73844,65902,127322,67644,59678
District - North Tripura  04,Rural,528244,270995,257249,123949,65693,58256,112572,60044,52528
District - North Tripura  04,Urban,62669,31951,30718,15797,8151,7646,14750,7600,7150
State - UTTARANCHAL  05,Total,8489349,4325924,4163425,2435611,1334868,1100743,2187949,1208157,979792
State - UTTARANCHAL  05,Rural,6310275,3144590,3165685,1775499,974940,800559,1593143,882806,710337
State - UTTARANCHAL  05,Urban,2179074,1181334,997740,660112,359928,300184,594806,325351,269455
District - Uttarkashi  01,Total,295013,152016,142997,87067,49412,37655,78378,45144,33234
District - Uttarkashi  01,Rural,272095,138737,133358,78324,44389,33935,70249,40454,29795
District - Uttarkashi  01,Urban,22918,13279,9639,8743,5023,3720,8129,4690,3439
District - Chamoli  02,Total,370359,183745,186614,118195,63948,54247,108475,58952,49523
District - Chamoli  02,Rural,319656,154197,165459,100143,53803,46340,91776,49551,42225
District - Chamoli  02,Urban,50703,29548,21155,18052,10145,7907,16699,9401,7298
District - Rudraprayag *  03,Total,227439,107535,119904,72268,38788,33480,66693,35996,30697
District - Rudraprayag *  03,Rural,224707,105643,119064,71621,38421,33200,66126,35673,30453
District - Rudraprayag *  03,Urban,2732,1892,840,647,367,280,567,323,244
District - Tehri Garhwal  04,Total,604747,295168,309579,186089,101024,85065,167302,91440,75862
District - Tehri Garhwal  04,Rural,544901,258401,286500,167343,90469,76874,150440,81910,68530
District - Tehri Garhwal  04,Urban,59846,36767,23079,18746,10555,8191,16862,9530,7332
District - Dehradun  05,Total,1282143,679583,602560,386787,208486,178301,344835,186445,158390
District - Dehradun  05,Rural,603401,315305,288096,173656,94327,79329,155104,84708,70396
District - Dehradun  05,Urban,678742,364278,314464,213131,114159,98972,189731,101737,87994
District - Garhwal  06,Total,697078,331061,366017,221659,117416,104243,204922,109059,95863
District - Garhwal  06,Rural,607203,281706,325497,191007,100677,90330,176367,93423,82944
District - Garhwal  06,Urban,89875,49355,40520,30652,16739,13913,28555,15636,12919
District - Pithoragarh  07,Total,462289,227615,234674,137293,74384,62909,122120,67329,54791
District - Pithoragarh  07,Rural,402456,194810,207646,116308,62644,53664,102570,56334,46236
District - Pithoragarh  07,Urban,59833,32805,27028,20985,11740,9245,19550,10995,8555
District - Bageshwar  08,Total,249462,118510,130952,68253,36738,31515,61100,33186,27914
District - Bageshwar  08,Rural,241659,114199,127460,65735,35387,30348,58941,32037,26904
District - Bageshwar  08,Urban,7803,4311,3492,2518,1351,1167,2159,1149,1010
District - Almora  09,Total,630567,293848,336719,190450,101315,89135,172138,92287,79851
District - Almora  09,Rural,576062,263128,312934,173252,91929,81323,155983,83465,72518
District - Almora  09,Urban,54505,30720,23785,17198,9386,7812,16155,8822,7333
District - Champawat  10,Total,224542,111084,113458,62312,34960,27352,55647,31657,23990
District - Champawat  10,Rural,190764,92816,97948,52291,29555,22736,46601,26770,19831
District - Champawat  10,Urban,33778,18268,15510,10021,5405,4616,9046,4887,4159
District - Nainital  11,Total,762909,400254,362655,225512,121698,103814,204772,111165,93607
District - Nainital  11,Rural,493859,256956,236903,142825,77589,65236,129622,70951,58671
District - Nainital  11,Urban,269050,143298,125752,82687,44109,38578,75150,40214,34936
District - Udham Singh Nagar *  12,Total,1235614,649484,586130,322680,181646,141034,286677,162916,123761
District - Udham Singh Nagar *  12,Rural,832600,434654,397946,212514,120725,91789,186984,107499,79485
District - Udham Singh Nagar *  12,Urban,403014,214830,188184,110166,60921,49245,99693,55417,44276
District - Hardwar  13,Total,1447187,776021,671166,357046,205053,151993,314890,182581,132309
District - Hardwar  13,Rural,1000912,534038,466874,230480,135025,95455,202380,120031,82349
District - Hardwar  13,Urban,446275,241983,204292,126566,70028,56538,112510,62550,49960
State - ARUNACHAL PRADESH  12,Total,1097968,579941,518027,255934,142367,113567,215669,120968,94701
State - ARUNACHAL PRADESH  12,Rural,870087,454680,415407,182748,102796,79952,153131,86869,66262
State - ARUNACHAL PRADESH  12,Urban,227881,125261,102620,73186,39571,33615,62538,34099,28439
District - Tawang  01,Total,38924,21846,17078,6760,3688,3072,4861,2673,2188
District - Tawang  01,Rural,30548,15534,15014,5332,2941,2391,3843,2133,1710
District - Tawang  01,Urban,8376,6312,2064,1428,747,681,1018,540,478
District - West Kameng  02,Total,74599,42542,32057,15958,8838,7120,13479,7518,5961
District - West Kameng  02,Rural,67906,38933,28973,13769,7652,6117,11553,6467,5086
District - West Kameng  02,Urban,6693,3609,3084,2189,1186,1003,1926,1051,875
District - East Kameng  03,Total,57179,28802,28377,10950,6521,4429,9422,5691,3731
District - East Kameng  03,Rural,42177,20892,21285,6479,3918,2561,5597,3426,2171
District - East Kameng  03,Urban,15002,7910,7092,4471,2603,1868,3825,2265,1560
District - Papum Pare *  04,Total,122003,64184,57819,37511,20440,17071,32064,17672,14392
District - Papum Pare *  04,Rural,59961,31138,28823,17190,9525,7665,14880,8323,6557
District - Papum Pare *  04,Urban,62042,33046,28996,20321,10915,9406,17184,9349,7835
District - Lower Subansiri  05,Total,98244,49542,48702,23002,12597,10405,19530,10802,8728
District - Lower Subansiri  05,Rural,85860,43062,42798,18129,10135,7994,15661,8847,6814
District - Lower Subansiri  05,Urban,12384,6480,5904,4873,2462,2411,3869,1955,1914
District - Upper Subansiri  06,Total,55346,28240,27106,13854,7689,6165,12172,6822,5350
District - Upper Subansiri  06,Rural,39590,19837,19753,8652,4883,3769,7627,4362,3265
District - Upper Subansiri  06,Urban,15756,8403,7353,5202,2806,2396,4545,2460,2085
District - West Siang  07,Total,103918,54349,49569,30673,16173,14500,26478,14047,12431
District - West Siang  07,Rural,82806,42389,40417,23479,12360,11119,20267,10718,9549
District - West Siang  07,Urban,21112,11960,9152,7194,3813,3381,6211,3329,2882
District - East Siang  08,Total,87397,45265,42132,26084,13900,12184,21036,11252,9784
District - East Siang  08,Rural,65432,33634,31798,18516,9820,8696,14462,7704,6758
District - East Siang  08,Urban,21965,11631,10334,7568,4080,3488,6574,3548,3026
District - Upper Siang *  09,Total,33363,18057,15306,7030,3800,3230,5596,3074,2522
District - Upper Siang *  09,Rural,33363,18057,15306,7030,3800,3230,5596,3074,2522
District - Upper Siang *  09,Urban,0,0,0,0,0,0,0,0,0
District - Dibang Valley  10,Total,57720,31442,26278,13901,7777,6124,11865,6685,5180
District - Dibang Valley  10,Rural,47613,25715,21898,10040,5584,4456,8593,4811,3782
District - Dibang Valley  10,Urban,10107,5727,4380,3861,2193,1668,3272,1874,1398
District - Lohit  11,Total,143527,77314,66213,29056,16661,12395,25010,14455,10555
District - Lohit  11,Rural,116765,62569,54196,21186,12239,8947,18070,10544,7526
District - Lohit  11,Urban,26762,14745,12017,7870,4422,3448,6940,3911,3029
District - Changlang  12,Total,125422,65821,59601,24129,13899,10230,20279,11776,8503
District - Changlang  12,Rural,113034,58834,54200,20386,11826,8560,16978,9938,7040
District - Changlang  12,Urban,12388,6987,5401,3743,2073,1670,3301,1838,1463
District - Tirap  13,Total,100326,52537,47789,17026,10384,6642,13877,8501,5376
District - Tirap  13,Rural,85032,44086,40946,12560,8113,4447,10004,6522,3482
District - Tirap  13,Urban,15294,8451,6843,4466,2271,2195,3873,1979,1894
State - CHANDIGARH  04,Total,900635,506938,393697,246965,136119,110846,217397,119969,97428
State - CHANDIGARH  04,Rural,92120,56816,35304,20281,11401,8880,16545,9373,7172
State - CHANDIGARH  04,Urban,808515,450122,358393,226684,124718,101966,200852,110596,90256
District - Chandigarh  01,Total,900635,506938,393697,246965,136119,110846,217397,119969,97428
District - Chandigarh  01,Rural,92120,56816,35304,20281,11401,8880,16545,9373,7172
District - Chandigarh  01,Urban,808515,450122,358393,226684,124718,101966,200852,110596,90256
State - DELHI  07,Total,13850507,7607234,6243273,3653411,2000076,1653335,3266580,1793079,1473501
State - DELHI  07,Rural,944727,522087,422640,252897,142079,110818,225624,127297,98327
State - DELHI  07,Urban,12905780,7085147,5820633,3400514,1857997,1542517,3040956,1665782,1375174
District - North West   *  01,Total,2860869,1571689,1289180,763012,419745,343267,683421,376708,306713
District - North West   *  01,Rural,265363,146741,118622,74456,41709,32747,66976,37601,29375
District - North West   *  01,Urban,2595506,1424948,1170558,688556,378036,310520,616445,339107,277338
District - North   *  02,Total,781525,427882,353643,205746,111192,94554,183389,99226,84163
District - North   *  02,Rural,46585,25724,20861,12400,7018,5382,11114,6311,4803
District - North   *  02,Urban,734940,402158,332782,193346,104174,89172,172275,92915,79360
District - North East   *  03,Total,1768061,956078,811983,482137,263909,218228,431310,236944,194366
District - North East   *  03,Rural,141547,76558,64989,38581,21364,17217,34447,19205,15242
District - North East   *  03,Urban,1626514,879520,746994,443556,242545,201011,396863,217739,179124
District - East   *  04,Total,1463583,794074,669509,388687,210233,178454,348856,189106,159750
District - East   *  04,Rural,18223,10119,8104,3724,2017,1707,3353,1820,1533
District - East   *  04,Urban,1445360,783955,661405,384963,208216,176747,345503,187286,158217
District - New Delhi  05,Total,179112,99956,79156,49992,27478,22514,44800,24784,20016
District - New Delhi  05,Rural,0,0,0,0,0,0,0,0,0
District - New Delhi  05,Urban,179112,99956,79156,49992,27478,22514,44800,24784,20016
District - Central  *  06,Total,646385,350831,295554,160538,83907,76631,142275,74403,67872
District - Central  *  06,Rural,0,0,0,0,0,0,0,0,0
District - Central  *  06,Urban,646385,350831,295554,160538,83907,76631,142275,74403,67872
District - West   *  07,Total,2128908,1163084,965824,537919,290906,247013,477621,258314,219307
District - West   *  07,Rural,86794,49366,37428,20833,11734,9099,17884,10114,7770
District - West   *  07,Urban,2042114,1113718,928396,517086,279172,237914,459737,248200,211537
District - South West   *  08,Total,1755041,983615,771426,472439,262890,209549,425019,237100,187919
District - South West   *  08,Rural,225454,123279,102175,62590,35305,27285,56223,31801,24422
District - South West   *  08,Urban,1529587,860336,669251,409849,227585,182264,368796,205299,163497
District - South  *  09,Total,2267023,1260025,1006998,592941,329816,263125,529889,296494,233395
District - South  *  09,Rural,160761,90300,70461,40313,22932,17381,35627,20445,15182
District - South  *  09,Urban,2106262,1169725,936537,552628,306884,245744,494262,276049,218213
State - GUJARAT  24,Total,50671017,26385577,24285440,10552630,6023058,4529572,9509503,5466281,4043222
State - GUJARAT  24,Rural,31740767,16317771,15422996,6195212,3599363,2595849,5531109,3247041,2284068
State - GUJARAT  24,Urban,18930250,10067806,8862444,4357418,2423695,1933723,3978394,2219240,1759154
District - Kachchh  01,Total,1583225,815152,768073,290968,168824,122144,258454,151565,106889
District - Kachchh  01,Rural,1108333,567470,540863,190316,113157,77159,167400,100956,66444
District - Kachchh  01,Urban,474892,247682,227210,100652,55667,44985,91054,50609,40445
District - Banas Kantha  02,Total,2504244,1297404,1206840,466333,297257,169076,418048,270504,147544
District - Banas Kantha  02,Rural,2228743,1152573,1076170,400076,258608,141468,356110,234296,121814
District - Banas Kantha  02,Urban,275501,144831,130670,66257,38649,27608,61938,36208,25730
District - Patan  *  03,Total,1182709,612100,570609,230268,140713,89555,206396,127570,78826
District - Patan  *  03,Rural,944281,487266,457015,173822,107900,65922,153969,96986,56983
District - Patan  *  03,Urban,238428,124834,113594,56446,32813,23633,52427,30584,21843
District - Mahesana  04,Total,1837892,953842,884050,417207,243107,174100,385974,225869,160105
District - Mahesana  04,Rural,1426175,737246,688929,310749,182881,127868,285912,169248,116664
District - Mahesana  04,Urban,411717,216596,195121,106458,60226,46232,100062,56621,43441
District - Sabar Kantha  05,Total,2082531,1069554,1012977,468340,271002,197338,426160,248774,177386
District - Sabar Kantha  05,Rural,1857402,952287,905115,408902,237403,171499,371669,217829,153840
District - Sabar Kantha  05,Urban,225129,117267,107862,59438,33599,25839,54491,30945,23546
District - Gandhinagar  06,Total,1334455,697999,636456,309709,180250,129459,283464,165785,117679
District - Gandhinagar  06,Rural,867195,450470,416725,185954,109798,76156,169158,100663,68495
District - Gandhinagar  06,Urban,467260,247529,219731,123755,70452,53303,114306,65122,49184
District - Ahmadabad  07,Total,5816519,3074556,2741963,1286462,732827,553635,1171713,670575,501138
District - Ahmadabad  07,Rural,1152986,601125,551861,213341,129704,83637,188350,116167,72183
District - Ahmadabad  07,Urban,4663533,2473431,2190102,1073121,603123,469998,983363,554408,428955
District - Surendranagar  08,Total,1515148,787650,727498,283150,167695,115455,254627,152233,102394
District - Surendranagar  08,Rural,1112700,576655,536045,193624,117346,76278,171775,105455,66320
District - Surendranagar  08,Urban,402448,210995,191453,89526,50349,39177,82852,46778,36074
District - Rajkot  09,Total,3169881,1642018,1527863,683835,374312,309523,615798,337924,277874
District - Rajkot  09,Rural,1544019,792848,751171,306597,169207,137390,271704,150606,121098
District - Rajkot  09,Urban,1625862,849170,776692,377238,205105,172133,344094,187318,156776
District - Jamnagar  10,Total,1904278,981320,922958,377230,210504,166726,338886,190260,148626
District - Jamnagar  10,Rural,1068022,545345,522677,198262,111947,86315,175251,99887,75364
District - Jamnagar  10,Urban,836256,435975,400281,178968,98557,80411,163635,90373,73262
District - Porbandar  *  11,Total,536835,275821,261014,103095,56909,46186,92746,51442,41304
District - Porbandar  *  11,Rural,275460,141068,134392,47827,26578,21249,41741,23396,18345
District - Porbandar  *  11,Urban,261375,134753,126622,55268,30331,24937,51005,28046,22959
District - Junagadh  12,Total,2448173,1252350,1195823,525318,289032,236286,474534,262382,212152
District - Junagadh  12,Rural,1736645,885414,851231,355584,196769,158815,317999,177073,140926
District - Junagadh  12,Urban,711528,366936,344592,169734,92263,77471,156535,85309,71226
District - Amreli  13,Total,1393918,701593,692325,301873,164979,136894,270308,148407,121901
District - Amreli  13,Rural,1080960,540316,540644,226303,123991,102312,200699,110501,90198
District - Amreli  13,Urban,312958,161277,151681,75570,40988,34582,69609,37906,31703
District - Bhavnagar  14,Total,2469630,1274920,1194710,515018,295359,219659,450575,260918,189657
District - Bhavnagar  14,Rural,1534592,782227,752365,305515,178240,127275,262040,154948,107092
District - Bhavnagar  14,Urban,935038,492693,442345,209503,117119,92384,188535,105970,82565
District - Anand  *  15,Total,1856872,972000,884872,400529,234211,166318,364113,214451,149662
District - Anand  *  15,Rural,1348901,706685,642216,275321,162600,112721,248425,148055,100370
District - Anand  *  15,Urban,507971,265315,242656,125208,71611,53597,115688,66396,49292
District - Kheda  16,Total,2024216,1052823,971393,425569,253158,172411,382055,230478,151577
District - Kheda  16,Rural,1617766,841496,776270,327556,197422,130134,291377,178672,112705
District - Kheda  16,Urban,406450,211327,195123,98013,55736,42277,90678,51806,38872
District - Panch Mahals  17,Total,2025277,1044937,980340,432939,251644,181295,392700,230684,162016
District - Panch Mahals  17,Rural,1771915,912905,859010,368723,215343,153380,334083,197349,136734
District - Panch Mahals  17,Urban,253362,132032,121330,64216,36301,27915,58617,33335,25282
District - Dohad  *  18,Total,1636433,824208,812225,293552,174165,119387,262060,157217,104843
District - Dohad  *  18,Rural,1480110,744132,735978,254957,152790,102167,226791,137633,89158
District - Dohad  *  18,Urban,156323,80076,76247,38595,21375,17220,35269,19584,15685
District - Vadodara  19,Total,3641802,1897368,1744434,750877,429810,321067,670563,386967,283596
District - Vadodara  19,Rural,1995580,1034338,961242,345874,204813,141061,304633,182866,121767
District - Vadodara  19,Urban,1646222,863030,783192,405003,224997,180006,365930,204101,161829
District - Narmada  *  20,Total,514404,263986,250418,103217,59186,44031,91156,52849,38307
District - Narmada  *  20,Rural,462298,236784,225514,87333,50320,37013,76158,44465,31693
District - Narmada  *  20,Urban,52106,27202,24904,15884,8866,7018,14998,8384,6614
District - Bharuch  21,Total,1370656,713676,656980,284129,159318,124811,257670,145464,112206
District - Bharuch  21,Rural,1018096,528788,489308,199994,112474,87520,179796,102067,77729
District - Bharuch  21,Urban,352560,184888,167672,84135,46844,37291,77874,43397,34477
District - Surat  22,Total,4995174,2722539,2272635,1002833,545898,456935,895929,489040,406889
District - Surat  22,Rural,1999357,1026584,972773,384404,206213,178191,343447,185303,158144
District - Surat  22,Urban,2995817,1695955,1299862,618429,339685,278744,552482,303737,248745
District - The Dangs  23,Total,186729,93974,92755,42531,22800,19731,36007,19575,16432
District - The Dangs  23,Rural,186729,93974,92755,42531,22800,19731,36007,19575,16432
District - The Dangs  23,Urban,0,0,0,0,0,0,0,0,0
District - Navsari  *  24,Total,1229463,628988,600475,273468,145058,128410,252382,134252,118130
District - Navsari  *  24,Rural,893110,453352,439758,194410,103072,91338,179295,95339,83956
District - Navsari  *  24,Urban,336353,175636,160717,79058,41986,37072,73087,38913,34174
District - Valsad  25,Total,1410553,734799,675754,284180,155040,129140,257185,141096,116089
District - Valsad  25,Rural,1029392,526423,502969,197237,107987,89250,177320,97706,79614
District - Valsad  25,Urban,381161,208376,172785,86943,47053,39890,79865,43390,36475
State - KERALA  32,Total,31841374,15468614,16372760,7422240,3768662,3653578,6606393,3357096,3249297
State - KERALA  32,Rural,23574449,11451282,12123167,5486377,2792574,2693803,4879062,2486652,2392410
State - KERALA  32,Urban,8266925,4017332,4249593,1935863,976088,959775,1727331,870444,856887
District - Kasaragod  01,Total,1204078,588083,615995,285918,148518,137400,256151,133473,122678
District - Kasaragod  01,Rural,970378,475196,495182,229830,119779,110051,205519,107538,97981
District - Kasaragod  01,Urban,233700,112887,120813,56088,28739,27349,50632,25935,24697
District - Kannur  02,Total,2408956,1152817,1256139,573876,287515,286361,519543,260213,259330
District - Kannur  02,Rural,1196058,578544,617514,289004,144724,144280,259596,130144,129452
District - Kannur  02,Urban,1212898,574273,638625,284872,142791,142081,259947,130069,129878
District - Wayanad  03,Total,780619,391273,389346,172991,87378,85613,155086,78549,76537
District - Wayanad  03,Rural,751007,376424,374583,165826,83797,82029,148766,75376,73390
District - Wayanad  03,Urban,29612,14849,14763,7165,3581,3584,6320,3173,3147
District - Kozhikode  04,Total,2879131,1399358,1479773,675944,345028,330916,611119,312395,298724
District - Kozhikode  04,Rural,1777974,863632,914342,422613,217223,205390,384533,198110,186423
District - Kozhikode  04,Urban,1101157,535726,565431,253331,127805,125526,226586,114285,112301
District - Malappuram  05,Total,3625471,1754576,1870895,983781,512757,471024,885495,463255,422240
District - Malappuram  05,Rural,3269301,1581794,1687507,889824,464270,425554,801425,419742,381683
District - Malappuram  05,Urban,356170,172782,183388,93957,48487,45470,84070,43513,40557
District - Palakkad  06,Total,2617482,1266985,1350497,596905,303693,293212,523765,266711,257054
District - Palakkad  06,Rural,2260907,1093515,1167392,514396,262412,251984,451241,230468,220773
District - Palakkad  06,Urban,356575,173470,183105,82509,41281,41228,72524,36243,36281
District - Thrissur  07,Total,2974232,1422052,1552180,678237,341561,336676,604386,303973,300413
District - Thrissur  07,Rural,2134799,1018315,1116484,481474,243346,238128,428120,216122,211998
District - Thrissur  07,Urban,839433,403737,435696,196763,98215,98548,176266,87851,88415
District - Ernakulam  08,Total,3105798,1538397,1567401,695678,350114,345564,607489,305507,301982
District - Ernakulam  08,Rural,1628713,808609,820104,357633,179655,177978,311497,156350,155147
District - Ernakulam  08,Urban,1477085,729788,747297,338045,170459,167586,295992,149157,146835
District - Idukki  09,Total,1129221,566682,562539,239372,120868,118504,208282,105099,103183
District - Idukki  09,Rural,1071628,538064,533564,225416,113905,111511,196212,99078,97134
District - Idukki  09,Urban,57593,28618,28975,13956,6963,6993,12070,6021,6049
District - Kottayam  10,Total,1953646,964926,988720,448714,224888,223826,398288,199330,198958
District - Kottayam  10,Rural,1653838,817819,836019,375521,188473,187048,333413,167093,166320
District - Kottayam  10,Urban,299808,147107,152701,73193,36415,36778,64875,32237,32638
District - Alappuzha  11,Total,2109160,1014529,1094631,461070,234382,226688,410020,208491,201529
District - Alappuzha  11,Rural,1487703,712867,774836,324664,165065,159599,288671,146885,141786
District - Alappuzha  11,Urban,621457,301662,319795,136406,69317,67089,121349,61606,59743
District - Pathanamthitta  12,Total,1234016,589398,644618,288298,145509,142789,257959,130283,127676
District - Pathanamthitta  12,Rural,1110218,529823,580395,257733,130081,127652,230563,116470,114093
District - Pathanamthitta  12,Urban,123798,59575,64223,30565,15428,15137,27396,13813,13583
District - Kollam  13,Total,2585208,1249621,1335587,568834,287244,281590,509908,257466,252442
District - Kollam  13,Rural,2119230,1021415,1097815,464484,234557,229927,415619,209898,205721
District - Kollam  13,Urban,465978,228206,237772,104350,52687,51663,94289,47568,46721
District - Thiruvananthapuram  14,Total,3234356,1569917,1664439,752622,379207,373415,658902,332351,326551
District - Thiruvananthapuram  14,Rural,2142695,1035265,1107430,487959,245287,242672,423887,213378,210509
District - Thiruvananthapuram  14,Urban,1091661,534652,557009,264663,133920,130743,235015,118973,116042
State - MAHARASHTRA  27,Total,96878627,50400596,46478031,24438205,13468362,10969843,22073548,12281811,9791737
State - MAHARASHTRA  27,Rural,55777647,28458677,27318970,13713504,7624766,6088738,12337800,6948243,5389557
State - MAHARASHTRA  27,Urban,41100980,21941919,19159061,10724701,5843596,4881105,9735748,5333568,4402180
District - Nandurbar *  01,Total,1311709,663511,648198,352164,191608,160556,272303,156643,115660
District - Nandurbar *  01,Rural,1109036,558513,550523,294934,159541,135393,218871,126445,92426
District - Nandurbar *  01,Urban,202673,104998,97675,57230,32067,25163,53432,30198,23234
District - Dhule  02,Total,1707947,878372,829575,460849,254375,206474,406217,229432,176785
District - Dhule  02,Rural,1262062,646364,615698,327520,180076,147444,286314,162013,124301
District - Dhule  02,Urban,445885,232008,213877,133329,74299,59030,119903,67419,52484
District - Jalgaon  03,Total,3682690,1905493,1777197,916665,521491,395174,847706,486496,361210
District - Jalgaon  03,Rural,2629896,1357031,1272865,624860,359209,265651,578761,335981,242780
District - Jalgaon  03,Urban,1052794,548462,504332,291805,162282,129523,268945,150515,118430
District - Buldana  04,Total,2232480,1147403,1085077,556605,312815,243790,511961,290643,221318
District - Buldana  04,Rural,1759097,902445,856652,426636,241124,185512,391909,223912,167997
District - Buldana  04,Urban,473383,244958,228425,129969,71691,58278,120052,66731,53321
District - Akola  05,Total,1630239,841253,788986,445158,241840,203318,400102,219184,180918
District - Akola  05,Rural,1002742,517465,485277,272734,149074,123660,241346,133326,108020
District - Akola  05,Urban,627497,323788,303709,172424,92766,79658,158756,85858,72898
District - Washim *  06,Total,1020216,526094,494122,266524,151873,114651,243241,140053,103188
District - Washim *  06,Rural,841771,433766,408005,217171,124323,92848,197226,114228,82998
District - Washim *  06,Urban,178445,92328,86117,49353,27550,21803,46015,25825,20190
District - Amravati  07,Total,2607160,1345614,1261546,701872,371554,330318,634481,337658,296823
District - Amravati  07,Rural,1707581,880387,827194,442709,235057,207652,395250,211309,183941
District - Amravati  07,Urban,899579,465227,434352,259163,136497,122666,239231,126349,112882
District - Wardha  08,Total,1236736,638990,597746,318515,167784,150731,293195,154927,138268
District - Wardha  08,Rural,911695,470610,441085,226779,119354,107425,207585,109673,97912
District - Wardha  08,Urban,325041,168380,156661,91736,48430,43306,85610,45254,40356
District - Nagpur  09,Total,4067637,2105314,1962323,1128838,591782,537056,1019209,538423,480786
District - Nagpur  09,Rural,1453886,751516,702370,382067,198728,183339,332191,175685,156506
District - Nagpur  09,Urban,2613751,1353798,1259953,746771,393054,353717,687018,362738,324280
District - Bhandara  10,Total,1136146,573445,562701,313809,163226,150583,278118,145766,132352
District - Bhandara  10,Rural,960418,483768,476650,259440,134627,124813,227754,119221,108533
District - Bhandara  10,Urban,175728,89677,86051,54369,28599,25770,50364,26545,23819
District - Gondiya *  11,Total,1200707,598834,601873,327784,169983,157801,289080,151761,137319
District - Gondiya *  11,Rural,1057276,526022,531254,285946,147911,138035,250927,131514,119413
District - Gondiya *  11,Urban,143431,72812,70619,41838,22072,19766,38153,20247,17906
District - Gadchiroli  12,Total,970294,491101,479193,243539,132540,110999,209516,115539,93977
District - Gadchiroli  12,Rural,903033,456647,446386,223038,121764,101274,191016,105756,85260
District - Gadchiroli  12,Urban,67261,34454,32807,20501,10776,9725,18500,9783,8717
District - Chandrapur  13,Total,2071101,1062993,1008108,555824,297628,258196,497554,268215,229339
District - Chandrapur  13,Rural,1406034,716461,689573,353924,188939,164985,311719,167819,143900
District - Chandrapur  13,Urban,665067,346532,318535,201900,108689,93211,185835,100396,85439
District - Yavatmal  14,Total,2458271,1265681,1192590,614224,337472,276752,555798,308451,247347
District - Yavatmal  14,Rural,2001060,1029540,971520,483502,267212,216290,434758,243103,191655
District - Yavatmal  14,Urban,457211,236141,221070,130722,70260,60462,121040,65348,55692
District - Nanded  15,Total,2876259,1481358,1394901,778356,443529,334827,706365,407524,298841
District - Nanded  15,Rural,2187195,1123468,1063727,564435,324327,240108,512808,298548,214260
District - Nanded  15,Urban,689064,357890,331174,213921,119202,94719,193557,108976,84581
District - Hingoli *  16,Total,987160,505373,481787,243314,140479,102835,219406,128514,90892
District - Hingoli *  16,Rural,833130,425840,407290,197942,115271,82671,178019,105252,72767
District - Hingoli *  16,Urban,154030,79533,74497,45372,25208,20164,41387,23262,18125
District - Parbhani  17,Total,1527715,780191,747524,401210,228235,172975,360347,207420,152927
District - Parbhani  17,Rural,1042529,529729,512800,253945,145985,107960,226020,131831,94189
District - Parbhani  17,Urban,485186,250462,234724,147265,82250,65015,134327,75589,58738
District - Jalna  18,Total,1612980,826903,786077,398599,230548,168051,361832,211830,150002
District - Jalna  18,Rural,1305115,667441,637674,310034,181414,128620,282632,167476,115156
District - Jalna  18,Urban,307865,159462,148403,88565,49134,39431,79200,44354,34846
District - Aurangabad  19,Total,2897013,1505363,1391650,796635,450915,345720,726354,415018,311336
District - Aurangabad  19,Rural,1809863,934813,875050,466412,266636,199776,426015,245989,180026
District - Aurangabad  19,Urban,1087150,570550,516600,330223,184279,145944,300339,169029,131310
District - Nashik  20,Total,4993796,2590912,2402884,1234241,682734,551507,1122570,626117,496453
District - Nashik  20,Rural,3056240,1571221,1485019,704845,396212,308633,647482,367504,279978
District - Nashik  20,Urban,1937556,1019691,917865,529396,286522,242874,475088,258613,216475
District - Thane  21,Total,8131849,4377747,3754102,1893476,1031995,861481,1700990,932576,768414
District - Thane  21,Rural,2229376,1148123,1081253,465921,259211,206710,415393,233779,181614
District - Thane  21,Urban,5902473,3229624,2672849,1427555,772784,654771,1285597,698797,586800
District - Mumbai (Suburban) *  22,Total,8640419,4741720,3898699,2061589,1126996,934593,1859379,1022020,837359
District - Mumbai (Suburban) *  22,Rural,0,0,0,0,0,0,0,0,0
District - Mumbai (Suburban) *  22,Urban,8640419,4741720,3898699,2061589,1126996,934593,1859379,1022020,837359
District - Mumbai  23,Total,3338031,1878246,1459785,734432,399785,334647,661443,361952,299491
District - Mumbai  23,Rural,0,0,0,0,0,0,0,0,0
District - Mumbai  23,Urban,3338031,1878246,1459785,734432,399785,334647,661443,361952,299491
District - Raigarh  24,Total,2207929,1117628,1090301,546592,292807,253785,471286,256514,214772
District - Raigarh  24,Rural,1673094,833965,839129,409851,219361,190490,350145,191159,158986
District - Raigarh  24,Urban,534835,283663,251172,136741,73446,63295,121141,65355,55786
District - Pune  25,Total,7232555,3769128,3463427,1809894,993071,816823,1639290,905374,733916
District - Pune  25,Rural,3031718,1557463,1474255,702186,389363,312823,637917,356701,281216
District - Pune  25,Urban,4200837,2211665,1989172,1107708,603708,504000,1001373,548673,452700
District - Ahmadnagar  26,Total,4040642,2083053,1957589,1038156,577428,460728,949634,533142,416492
District - Ahmadnagar  26,Rural,3236945,1661811,1575134,815026,454253,360773,744496,419346,325150
District - Ahmadnagar  26,Urban,803697,421242,382455,223130,123175,99955,205138,113796,91342
District - Bid  27,Total,2161250,1116356,1044894,612109,351511,260598,567858,329665,238193
District - Bid  27,Rural,1774180,915071,859109,488225,282147,206078,451955,264276,187679
District - Bid  27,Urban,387070,201285,185785,123884,69364,54520,115903,65389,50514
District - Latur  28,Total,2080285,1075257,1005028,583972,328085,255887,532471,302366,230105
District - Latur  28,Rural,1590024,819413,770611,425257,239376,185881,388255,220910,167345
District - Latur  28,Urban,490261,255844,234417,158715,88709,70006,144216,81456,62760
District - Osmanabad  29,Total,1486586,769368,717218,394947,222320,172627,358396,204038,154358
District - Osmanabad  29,Rural,1253330,648276,605054,323295,182573,140722,293139,167473,125666
District - Osmanabad  29,Urban,233256,121092,112164,71652,39747,31905,65257,36565,28692
District - Solapur  30,Total,3849543,1989623,1859920,949612,533793,415819,859042,488571,370471
District - Solapur  30,Rural,2624259,1363390,1260869,623377,354689,268688,566065,326374,239691
District - Solapur  30,Urban,1225284,626233,599051,326235,179104,147131,292977,162197,130780
District - Satara  31,Total,2808994,1408326,1400668,701246,387378,313868,638087,355028,283059
District - Satara  31,Rural,2410873,1201817,1209056,589577,325323,264254,535705,297910,237795
District - Satara  31,Urban,398121,206509,191612,111669,62055,49614,102382,57118,45264
District - Ratnagiri  32,Total,1696777,794498,902279,379235,205322,173913,342604,186956,155648
District - Ratnagiri  32,Rural,1504568,695635,808933,331518,179910,151608,299574,163914,135660
District - Ratnagiri  32,Urban,192209,98863,93346,47717,25412,22305,43030,23042,19988
District - Sindhudurg  33,Total,868825,417890,450935,186144,98005,88139,170468,90227,80241
District - Sindhudurg  33,Rural,786506,376272,410234,167026,88005,79021,153021,81074,71947
District - Sindhudurg  33,Urban,82319,41618,40701,19118,10000,9118,17447,9153,8294
District - Kolhapur  34,Total,3523162,1807470,1715692,859524,484073,375451,790285,449099,341186
District - Kolhapur  34,Rural,2472809,1260239,1212570,585823,331630,254193,537783,308011,229772
District - Kolhapur  34,Urban,1050353,547231,503122,273701,152443,121258,252502,141088,111414
District - Sangli  35,Total,2583524,1320088,1263436,632552,353382,279170,576960,324669,252291
District - Sangli  35,Rural,1950306,994155,956151,467549,262141,205408,425749,240731,185018
District - Sangli  35,Urban,633218,325933,307285,165003,91241,73762,151211,83938,67273
State - MADHYA PRADESH  23,Total,60348023,31443652,28904371,13750049,7975597,5774452,12275745,7222240,5053505
State - MADHYA PRADESH  23,Rural,44380878,23031093,21349785,9283489,5509589,3773900,8255969,4988035,3267934
State - MADHYA PRADESH  23,Urban,15967145,8412559,7554586,4466560,2466008,2000552,4019776,2234205,1785571
District - Sheopur *  01,Total,559495,295297,264198,105457,66804,38653,92917,59926,32991
District - Sheopur *  01,Rural,470924,248103,222821,82911,53638,29273,72970,48176,24794
District - Sheopur *  01,Urban,88571,47194,41377,22546,13166,9380,19947,11750,8197
District - Morena  02,Total,1592714,874089,718625,405875,254259,151616,377211,239174,138037
District - Morena  02,Rural,1249409,687664,561745,304489,193965,110524,282164,182307,99857
District - Morena  02,Urban,343305,186425,156880,101386,60294,41092,95047,56867,38180
District - Bhind  03,Total,1428559,780902,647657,383808,235605,148203,360276,223256,137020
District - Bhind  03,Rural,1089626,596980,492646,283312,175263,108049,266029,166284,99745
District - Bhind  03,Urban,338933,183922,155011,100496,60342,40154,94247,56972,37275
District - Gwalior  04,Total,1632109,883317,748792,434768,256543,178225,389864,232582,157282
District - Gwalior  04,Rural,649101,354064,295037,142572,90707,51865,128050,82820,45230
District - Gwalior  04,Urban,983008,529253,453755,292196,165836,126360,261814,149762,112052
District - Datia  05,Total,628240,338232,290008,160877,92106,68771,146584,84967,61617
District - Datia  05,Rural,490691,264670,226021,120893,69308,51585,110270,64198,46072
District - Datia  05,Urban,137549,73562,63987,39984,22798,17186,36314,20769,15545
District - Shivpuri  06,Total,1441950,776190,665760,313395,195139,118256,278545,177072,101473
District - Shivpuri  06,Rural,1202277,648319,553958,245020,156185,88835,217511,141918,75593
District - Shivpuri  06,Urban,239673,127871,111802,68375,38954,29421,61034,35154,25880
District - Guna  07,Total,1666767,884020,782747,344930,212685,132245,308502,193226,115276
District - Guna  07,Rural,1311954,697035,614919,249098,158372,90726,220963,143255,77708
District - Guna  07,Urban,354813,186985,167828,95832,54313,41519,87539,49971,37568
District - Tikamgarh  08,Total,1202998,637913,565085,270572,160590,109982,245313,148066,97247
District - Tikamgarh  08,Rural,990265,525864,464401,216007,129489,86518,195586,119546,76040
District - Tikamgarh  08,Urban,212733,112049,100684,54565,31101,23464,49727,28520,21207
District - Chhatarpur  09,Total,1474723,788933,685790,320928,192390,128538,282975,172710,110265
District - Chhatarpur  09,Rural,1150428,615842,534586,230430,141194,89236,201798,126403,75395
District - Chhatarpur  09,Urban,324295,173091,151204,90498,51196,39302,81177,46307,34870
District - Panna  10,Total,856558,450549,406009,188139,110039,78100,167479,99651,67828
District - Panna  10,Rural,748374,393209,355165,157159,92905,64254,139902,84298,55604
District - Panna  10,Urban,108184,57340,50844,30980,17134,13846,27577,15353,12224
District - Sagar  11,Total,2021987,1073205,948782,470159,271006,199153,423347,247189,176158
District - Sagar  11,Rural,1431080,761243,669837,303328,179706,123622,269964,162676,107288
District - Sagar  11,Urban,590907,311962,278945,166831,91300,75531,153383,84513,68870
District - Damoh  12,Total,1083949,570229,513720,237881,138129,99752,212163,125090,87073
District - Damoh  12,Rural,879598,462648,416950,181178,107085,74093,160264,96484,63780
District - Damoh  12,Urban,204351,107581,96770,56703,31044,25659,51899,28606,23293
District - Satna  13,Total,1870104,971396,898708,479829,275821,204008,435084,253497,181587
District - Satna  13,Rural,1484551,766510,718041,368811,213664,155147,334171,196658,137513
District - Satna  13,Urban,385553,204886,180667,111018,62157,48861,100913,56839,44074
District - Rewa  14,Total,1973306,1016687,956619,539424,315105,224319,491851,290865,200986
District - Rewa  14,Rural,1652743,845993,806750,438411,256685,181726,399341,236916,162425
District - Rewa  14,Urban,320563,170694,149869,101013,58420,42593,92510,53949,38561
District - Umaria *  15,Total,515963,265128,250835,121229,68276,52953,105684,61107,44577
District - Umaria *  15,Rural,432830,221749,211081,99089,56009,43080,85799,50015,35784
District - Umaria *  15,Urban,83133,43379,39754,22140,12267,9873,19885,11092,8793
District - Shahdol  16,Total,1575303,804988,770315,375062,208973,166089,328807,187214,141593
District - Shahdol  16,Rural,1177149,595089,582060,250146,140187,109959,214365,123755,90610
District - Shahdol  16,Urban,398154,209899,188255,124916,68786,56130,114442,63459,50983
District - Sidhi  17,Total,1831152,947830,883322,419825,254881,164944,377315,233474,143841
District - Sidhi  17,Rural,1570121,806699,763422,340830,208794,132036,304401,190557,113844
District - Sidhi  17,Urban,261031,141131,119900,78995,46087,32908,72914,42917,29997
District - Neemuch *  18,Total,726070,372419,353651,151393,88663,62730,132373,78959,53414
District - Neemuch *  18,Rural,523100,267006,256094,99149,59824,39325,86723,53515,33208
District - Neemuch *  18,Urban,202970,105413,97557,52244,28839,23405,45650,25444,20206
District - Mandsaur  19,Total,1183724,605119,578605,244681,143380,101301,220172,130736,89436
District - Mandsaur  19,Rural,963020,491421,471599,188972,112949,76023,169878,103070,66808
District - Mandsaur  19,Urban,220704,113698,107006,55709,30431,25278,50294,27666,22628
District - Ratlam  20,Total,1215393,620862,594531,244000,143045,100955,215848,128327,87521
District - Ratlam  20,Rural,846959,431230,415729,148205,91279,56926,130874,82080,48794
District - Ratlam  20,Urban,368434,189632,178802,95795,51766,44029,84974,46247,38727
District - Ujjain  21,Total,1710982,882871,828111,362338,213474,148864,322392,192399,129993
District - Ujjain  21,Rural,1048195,538586,509609,186340,116618,69722,166364,105953,60411
District - Ujjain  21,Urban,662787,344285,318502,175998,96856,79142,156028,86446,69582
District - Shajapur  22,Total,1290685,669852,620833,299904,172784,127120,264754,154342,110412
District - Shajapur  22,Rural,1051455,545254,506201,236330,137044,99286,209364,123064,86300
District - Shajapur  22,Urban,239230,124598,114632,63574,35740,27834,55390,31278,24112
District - Dewas  23,Total,1308223,677866,630357,284562,170452,114110,249206,151818,97388
District - Dewas  23,Rural,949876,491053,458823,184236,114180,70056,161001,102004,58997
District - Dewas  23,Urban,358347,186813,171534,100326,56272,44054,88205,49814,38391
District - Jhabua  24,Total,1394561,702053,692508,191116,120249,70867,164335,104788,59547
District - Jhabua  24,Rural,1273530,639252,634278,156127,100708,55419,133482,87423,46059
District - Jhabua  24,Urban,121031,62801,58230,34989,19541,15448,30853,17365,13488
District - Dhar  25,Total,1740329,890416,849913,312622,186566,126056,272627,164829,107798
District - Dhar  25,Rural,1452145,736710,715435,244514,148539,95975,212470,130984,81486
District - Dhar  25,Urban,288184,153706,134478,68108,38027,30081,60157,33845,26312
District - Indore  26,Total,2465827,1289352,1176475,622637,348570,274067,536279,303634,232645
District - Indore  26,Rural,735464,379624,355840,152711,92273,60438,131849,81263,50586
District - Indore  26,Urban,1730363,909728,820635,469926,256297,213629,404430,222371,182059
District - West Nimar  27,Total,1529562,784604,744958,300625,170533,130092,269395,154882,114513
District - West Nimar  27,Rural,1294103,662407,631696,240456,137226,103230,215094,124691,90403
District - West Nimar  27,Urban,235459,122197,113262,60169,33307,26862,54301,30191,24110
District - Barwani *  28,Total,1081441,548609,532832,156619,90027,66592,136991,79698,57293
District - Barwani *  28,Rural,923466,467159,456307,120087,69866,50221,103649,61170,42479
District - Barwani *  28,Urban,157975,81450,76525,36532,20161,16371,33342,18528,14814
District - East Nimar  29,Total,1713134,884966,828168,335837,192424,143413,292914,170216,122698
District - East Nimar  29,Rural,1253213,647364,605849,218831,129594,89237,188319,113684,74635
District - East Nimar  29,Urban,459921,237602,222319,117006,62830,54176,104595,56532,48063
District - Rajgarh  30,Total,1254085,649106,604979,251196,156512,94684,222541,141522,81019
District - Rajgarh  30,Rural,1036763,535615,501148,192931,123480,69451,171063,112075,58988
District - Rajgarh  30,Urban,217322,113491,103831,58265,33032,25233,51478,29447,22031
District - Vidisha  31,Total,1214857,647838,567019,274364,161905,112459,245412,146853,98559
District - Vidisha  31,Rural,954490,509861,444629,200835,120852,79983,178841,109391,69450
District - Vidisha  31,Urban,260367,137977,122390,73529,41053,32476,66571,37462,29109
District - Bhopal  32,Total,1843510,972649,870861,501294,275709,225585,445693,247154,198539
District - Bhopal  32,Rural,360792,191367,169425,78216,48216,30000,68384,42928,25456
District - Bhopal  32,Urban,1482718,781282,701436,423078,227493,195585,377309,204226,173083
District - Sehore  33,Total,1078912,565137,513775,266276,157151,109125,234434,141590,92844
District - Sehore  33,Rural,885172,463139,422033,206715,124122,82593,181276,111860,69416
District - Sehore  33,Urban,193740,101998,91742,59561,33029,26532,53158,29730,23428
District - Raisen  34,Total,1125154,598247,526907,277177,159974,117203,252730,147402,105328
District - Raisen  34,Rural,918354,487410,430944,217979,127088,90891,199868,117815,82053
District - Raisen  34,Urban,206800,110837,95963,59198,32886,26312,52862,29587,23275
District - Betul  35,Total,1395175,709956,685219,356058,191426,164632,314475,171598,142877
District - Betul  35,Rural,1136056,574704,561352,271537,146523,125014,235765,129671,106094
District - Betul  35,Urban,259119,135252,123867,84521,44903,39618,78710,41927,36783
District - Harda *  36,Total,474416,247226,227190,102289,59437,42852,91250,53837,37413
District - Harda *  36,Rural,373249,194117,179132,72831,42903,29928,64535,38748,25787
District - Harda *  36,Urban,101167,53109,48058,29458,16534,12924,26715,15089,11626
District - Hoshangabad  37,Total,1084265,571774,512491,278907,159290,119617,250725,145509,105216
District - Hoshangabad  37,Rural,749871,395290,354581,175228,102761,72467,155781,93493,62288
District - Hoshangabad  37,Urban,334394,176484,157910,103679,56529,47150,94944,52016,42928
District - Katni *  38,Total,1064167,548368,515799,227744,131421,96323,203170,118893,84277
District - Katni *  38,Rural,838906,430308,408598,168447,99442,69005,148960,89581,59379
District - Katni *  38,Urban,225261,118060,107201,59297,31979,27318,54210,29312,24898
District - Jabalpur  39,Total,2151203,1127304,1023899,530034,291022,239012,483949,267630,216319
District - Jabalpur  39,Rural,923863,479621,444242,203062,117064,85998,183153,107033,76120
District - Jabalpur  39,Urban,1227340,647683,579657,326972,173958,153014,300796,160597,140199
District - Narsimhapur  40,Total,957646,501645,456001,230278,129670,100608,211129,119922,91207
District - Narsimhapur  40,Rural,804536,421247,383289,188149,107011,81138,172173,98917,73256
District - Narsimhapur  40,Urban,153110,80398,72712,42129,22659,19470,38956,21005,17951
District - Dindori *  41,Total,580730,291716,289014,109292,62307,46985,93923,55027,38896
District - Dindori *  41,Rural,553860,277902,275958,101882,58476,43406,87108,51488,35620
District - Dindori *  41,Urban,26870,13814,13056,7410,3831,3579,6815,3539,3276
District - Mandla  42,Total,894236,447956,446280,191209,107274,83935,165971,94983,70988
District - Mandla  42,Rural,802322,400731,401591,164217,93127,71090,141667,82219,59448
District - Mandla  42,Urban,91914,47225,44689,26992,14147,12845,24304,12764,11540
District - Chhindwara  43,Total,1849283,947337,901946,447020,247220,199800,403163,225384,177779
District - Chhindwara  43,Rural,1397080,712421,684659,315727,177036,138691,282480,160599,121881
District - Chhindwara  43,Urban,452203,234916,217287,131293,70184,61109,120683,64785,55898
District - Seoni  44,Total,1166608,588750,577858,272618,148956,123662,241172,133574,107598
District - Seoni  44,Rural,1045921,526328,519593,236547,129860,106687,208498,116261,92237
District - Seoni  44,Urban,120687,62422,58265,36071,19096,16975,32674,17313,15361
District - Balaghat  45,Total,1497968,740749,757219,355801,187805,167996,314805,167668,147137
District - Balaghat  45,Rural,1303996,642285,661711,299544,158372,141172,263802,140789,123013
District - Balaghat  45,Urban,193972,98464,95508,56257,29433,26824,51003,26879,24124
State - MEGHALAYA  17,Total,2318822,1176087,1142735,581475,291979,289496,488592,245355,243237
State - MEGHALAYA  17,Rural,1864711,946999,917712,407878,205012,202866,338085,169890,168195
State - MEGHALAYA  17,Urban,454111,229088,225023,173597,86967,86630,150507,75465,75042
District - West Garo Hills  01,Total,518390,263424,254966,111190,58422,52768,97019,51429,45590
District - West Garo Hills  01,Rural,459412,233219,226193,86988,46165,40823,75978,40724,35254
District - West Garo Hills  01,Urban,58978,30205,28773,24202,12257,11945,21041,10705,10336
District - East Garo Hills  02,Total,250582,127474,123108,58858,30436,28422,51476,26819,24657
District - East Garo Hills  02,Rural,214675,109090,105585,45632,23761,21871,39984,20985,18999
District - East Garo Hills  02,Urban,35907,18384,17523,13226,6675,6551,11492,5834,5658
District - South Garo Hills *  03,Total,100980,52007,48973,21364,11079,10285,18500,9689,8811
District - South Garo Hills *  03,Rural,92337,47399,44938,18251,9488,8763,15772,8292,7480
District - South Garo Hills *  03,Urban,8643,4608,4035,3113,1591,1522,2728,1397,1331
District - West Khasi Hills  04,Total,296049,150419,145630,78031,39319,38712,60429,30330,30099
District - West Khasi Hills  04,Rural,261451,132981,128470,64703,32692,32011,49231,24759,24472
District - West Khasi Hills  04,Urban,34598,17438,17160,13328,6627,6701,11198,5571,5627
District - Ri Bhoi  *  05,Total,192790,99319,93471,48144,24378,23766,38271,19316,18955
District - Ri Bhoi  *  05,Rural,179610,92563,87047,43647,22099,21548,34947,17643,17304
District - Ri Bhoi  *  05,Urban,13180,6756,6424,4497,2279,2218,3324,1673,1651
District - East Khasi Hills  06,Total,660923,333553,327370,203192,100331,102861,171317,84200,87117
District - East Khasi Hills  06,Rural,383175,194118,189057,98701,48038,50663,80258,38639,41619
District - East Khasi Hills  06,Urban,277748,139435,138313,104491,52293,52198,91059,45561,45498
District - Jaintia Hills  07,Total,299108,149891,149217,60696,28014,32682,51580,23572,28008
District - Jaintia Hills  07,Rural,274051,137629,136422,49956,22769,27187,41915,18848,23067
District - Jaintia Hills  07,Urban,25057,12262,12795,10740,5245,5495,9665,4724,4941
State - PONDICHERRY  34,Total,974345,486961,487384,243428,128379,115049,203658,108109,95549
State - PONDICHERRY  34,Rural,325726,163703,162023,79519,42495,37024,65799,35476,30323
State - PONDICHERRY  34,Urban,648619,323258,325361,163909,85884,78025,137859,72633,65226
District - Yanam  01,Total,31394,15893,15501,7250,3884,3366,6173,3344,2829
District - Yanam  01,Rural,0,0,0,0,0,0,0,0,0
District - Yanam  01,Urban,31394,15893,15501,7250,3884,3366,6173,3344,2829
District - Pondicherry  02,Total,735332,369428,365904,183726,96783,86943,153304,81324,71980
District - Pondicherry  02,Rural,229373,116053,113320,55674,29849,25825,45826,24822,21004
District - Pondicherry  02,Urban,505959,253375,252584,128052,66934,61118,107478,56502,50976
District - Mahe  03,Total,36828,17153,19675,9222,4693,4529,8402,4262,4140
District - Mahe  03,Rural,0,0,0,0,0,0,0,0,0
District - Mahe  03,Urban,36828,17153,19675,9222,4693,4529,8402,4262,4140
District - Karaikal  04,Total,170791,84487,86304,43230,23019,20211,35779,19179,16600
District - Karaikal  04,Rural,96353,47650,48703,23845,12646,11199,19973,10654,9319
District - Karaikal  04,Urban,74438,36837,37601,19385,10373,9012,15806,8525,7281
State - RAJASTHAN  08,Total,56507188,29420011,27087177,13357777,8100791,5256986,11512735,7126165,4386570
State - RAJASTHAN  08,Rural,43292813,22426640,20866173,9752720,6047938,3704782,8348410,5307425,3040985
State - RAJASTHAN  08,Urban,13214375,6993371,6221004,3605057,2052853,1552204,3164325,1818740,1345585
District - Ganganagar  01,Total,1789423,955378,834045,434404,248724,185680,364513,211459,153054
District - Ganganagar  01,Rural,1336066,709710,626356,309598,179375,130223,256879,151567,105312
District - Ganganagar  01,Urban,453357,245668,207689,124806,69349,55457,107634,59892,47742
District - Hanumangarh *  02,Total,1518005,801486,716519,378375,217775,160600,337289,197065,140224
District - Hanumangarh *  02,Rural,1214467,639921,574546,295444,171048,124396,263336,155202,108134
District - Hanumangarh *  02,Urban,303538,161565,141973,82931,46727,36204,73953,41863,32090
District - Bikaner  03,Total,1674271,886075,788196,351747,215457,136290,295236,184547,110689
District - Bikaner  03,Rural,1079235,568904,510331,195625,126141,69484,158761,105564,53197
District - Bikaner  03,Urban,595036,317171,277865,156122,89316,66806,136475,78983,57492
District - Churu  04,Total,1923878,987781,936097,524341,297405,226936,463096,265885,197211
District - Churu  04,Rural,1387682,710681,677001,385394,217244,168150,340094,194146,145948
District - Churu  04,Urban,536196,277100,259096,138947,80161,58786,123002,71739,51263
District - Jhunjhunun  05,Total,1913689,983526,930163,585819,336137,249682,524241,303521,220720
District - Jhunjhunun  05,Rural,1518573,775776,742797,468037,266860,201177,418097,240445,177652
District - Jhunjhunun  05,Urban,395116,207750,187366,117782,69277,48505,106144,63076,43068
District - Alwar  06,Total,2992592,1586752,1405840,747977,468997,278980,659342,420174,239168
District - Alwar  06,Rural,2557653,1349768,1207885,620767,396842,223925,547386,356334,191052
District - Alwar  06,Urban,434939,236984,197955,127210,72155,55055,111956,63840,48116
District - Bharatpur  07,Total,2101142,1133425,967717,522056,330945,191111,462878,299066,163812
District - Bharatpur  07,Rural,1692182,914034,778148,408609,265010,143599,361392,239633,121759
District - Bharatpur  07,Urban,408960,219391,189569,113447,65935,47512,101486,59433,42053
District - Dhaulpur  08,Total,983258,538103,445155,241297,149402,91895,201334,129199,72135
District - Dhaulpur  08,Rural,806640,443006,363634,196008,122987,73021,162068,106120,55948
District - Dhaulpur  08,Urban,176618,95097,81521,45289,26415,18874,39266,23079,16187
District - Karauli *  09,Total,1209665,651998,557667,309088,199217,109871,275067,181000,94067
District - Karauli *  09,Rural,1037720,560375,477345,265344,172615,92729,236659,157349,79310
District - Karauli *  09,Urban,171945,91623,80322,43744,26602,17142,38408,23651,14757
District - Sawai Madhopur  10,Total,1117057,591307,525750,252819,169503,83316,220979,151649,69330
District - Sawai Madhopur  10,Rural,904417,478716,425701,195619,135999,59620,170450,121677,48773
District - Sawai Madhopur  10,Urban,212640,112591,100049,57200,33504,23696,50529,29972,20557
District - Dausa *  11,Total,1317063,693438,623625,348916,221972,126944,310852,201573,109279
District - Dausa *  11,Rural,1181245,621591,559654,308149,198135,110014,274686,180217,94469
District - Dausa *  11,Urban,135818,71847,63971,40767,23837,16930,36166,21356,14810
District - Jaipur  12,Total,5251071,2768203,2482868,1448496,845045,603451,1263608,749728,513880
District - Jaipur  12,Rural,2659004,1389167,1269837,729645,439120,290525,636930,392414,244516
District - Jaipur  12,Urban,2592067,1379036,1213031,718851,405925,312926,626678,357314,269364
District - Sikar  13,Total,2287788,1172753,1115035,652572,386899,265673,579200,348377,230823
District - Sikar  13,Rural,1815250,927195,888055,522684,311966,210718,466341,282308,184033
District - Sikar  13,Urban,472538,245558,226980,129888,74933,54955,112859,66069,46790
District - Nagaur  14,Total,2775058,1424967,1350091,633604,399203,234401,538496,347458,191038
District - Nagaur  14,Rural,2297721,1175976,1121745,510572,326173,184399,431486,282962,148524
District - Nagaur  14,Urban,477337,248991,228346,123032,73030,50002,107010,64496,42514
District - Jodhpur  15,Total,2886505,1513890,1372615,613230,389885,223345,517317,336958,180359
District - Jodhpur  15,Rural,1909423,994172,915251,350365,239367,110998,291561,205981,85580
District - Jodhpur  15,Urban,977082,519718,457364,262865,150518,112347,225756,130977,94779
District - Jaisalmer  16,Total,508247,279101,229146,99595,62779,36816,80957,52742,28215
District - Jaisalmer  16,Rural,431853,236309,195544,80432,50850,29582,64581,42365,22216
District - Jaisalmer  16,Urban,76394,42792,33602,19163,11929,7234,16376,10377,5999
District - Barmer  17,Total,1964835,1038247,926588,447015,262819,184196,386673,231446,155227
District - Barmer  17,Rural,1819431,959844,859587,407914,239365,168549,353075,210907,142168
District - Barmer  17,Urban,145404,78403,67001,39101,23454,15647,33598,20539,13059
District - Jalor  18,Total,1448940,737880,711060,275854,182359,93495,237971,161024,76947
District - Jalor  18,Rural,1338946,679637,659309,248710,165557,83153,213974,145917,68057
District - Jalor  18,Urban,109994,58243,51751,27144,16802,10342,23997,15107,8890
District - Sirohi  19,Total,851107,437949,413158,188836,117340,71496,157785,100989,56796
District - Sirohi  19,Rural,700217,357178,343039,149505,94339,55166,123818,80964,42854
District - Sirohi  19,Urban,150890,80771,70119,39331,23001,16330,33967,20025,13942
District - Pali  20,Total,1820251,918856,901395,401224,254373,146851,336292,218554,117738
District - Pali  20,Rural,1429364,714698,714666,299874,194702,105172,249652,166783,82869
District - Pali  20,Urban,390887,204158,186729,101350,59671,41679,86640,51771,34869
District - Ajmer  21,Total,2181670,1129920,1051750,478870,289673,189197,422387,258970,163417
District - Ajmer  21,Rural,1306994,669903,637091,249610,163087,86523,214098,143240,70858
District - Ajmer  21,Urban,874676,460017,414659,229260,126586,102674,208289,115730,92559
District - Tonk  22,Total,1211671,626436,585235,249827,164120,85707,215348,144352,70996
District - Tonk  22,Rural,958503,496092,462411,185138,128378,56760,158290,112693,45597
District - Tonk  22,Urban,253168,130344,122824,64689,35742,28947,57058,31659,25399
District - Bundi  23,Total,962620,504818,457802,233784,140030,93754,187082,117981,69101
District - Bundi  23,Rural,783058,410483,372575,183890,111658,72232,143875,93120,50755
District - Bundi  23,Urban,179562,94335,85227,49894,28372,21522,43207,24861,18346
District - Bhilwara  24,Total,2013789,1026650,987139,365096,229869,135227,310796,199272,111524
District - Bhilwara  24,Rural,1598938,807979,790959,262489,171984,90505,220450,147959,72491
District - Bhilwara  24,Urban,414851,218671,196180,102607,57885,44722,90346,51313,39033
District - Rajsamand *  25,Total,987024,493459,493565,209155,125615,83540,175489,107686,67803
District - Rajsamand *  25,Rural,858301,426630,431671,172424,105293,67131,143769,90013,53756
District - Rajsamand *  25,Urban,128723,66829,61894,36731,20322,16409,31720,17673,14047
District - Udaipur  26,Total,2633312,1336004,1297308,589363,340287,249076,498677,294809,203868
District - Udaipur  26,Rural,2142995,1078441,1064554,441650,258663,182987,368174,222305,145869
District - Udaipur  26,Urban,490317,257563,232754,147713,81624,66089,130503,72504,57999
District - Dungarpur  27,Total,1107643,547791,559852,206657,124078,82579,167266,102728,64538
District - Dungarpur  27,Rural,1026787,505664,521123,188006,113536,74470,150888,93440,57448
District - Dungarpur  27,Urban,80856,42127,38729,18651,10542,8109,16378,9288,7090
District - Banswara  28,Total,1501589,760686,740903,261661,165061,96600,219135,141577,77558
District - Banswara  28,Rural,1394226,705110,689116,231362,148438,82924,192204,126744,65460
District - Banswara  28,Urban,107363,55576,51787,30299,16623,13676,26931,14833,12098
District - Chittaurgarh  29,Total,1803524,918063,885461,341418,209195,132223,290376,181587,108789
District - Chittaurgarh  29,Rural,1514255,767555,746700,264281,166685,97596,221290,143269,78021
District - Chittaurgarh  29,Urban,289269,150508,138761,77137,42510,34627,69086,38318,30768
District - Kota  30,Total,1568525,827128,741397,447867,250977,196890,387694,221783,165911
District - Kota  30,Rural,729948,382495,347453,200456,112424,88032,168999,98295,70704
District - Kota  30,Urban,838577,444633,393944,247411,138553,108858,218695,123488,95207
District - Baran *  31,Total,1021653,535137,486516,235797,144874,90923,204599,128031,76568
District - Baran *  31,Rural,849638,445205,404433,189405,118626,70779,164243,105016,59227
District - Baran *  31,Urban,172015,89932,82083,46392,26248,20144,40356,23015,17341
District - Jhalawar  32,Total,1180323,612804,567519,281017,160776,120241,220760,134975,85785
District - Jhalawar  32,Rural,1012081,524425,487656,235714,135471,100243,180904,112476,68428
District - Jhalawar  32,Urban,168242,88379,79863,45303,25305,19998,39856,22499,17357
State - UTTAR PRADESH  09,Total,166197921,87565369,78632552,37171705,22146626,15025079,32853782,19867218,12986564
State - UTTAR PRADESH  09,Rural,131658339,69157470,62500869,28017938,17069571,10948367,24736744,15332492,9404252
State - UTTAR PRADESH  09,Urban,34539582,18407899,16131683,9153767,5077055,4076712,8117038,4534726,3582312
District - Saharanpur  01,Total,2896863,1553322,1343541,704990,410067,294923,619060,364350,254710
District - Saharanpur  01,Rural,2149291,1153352,995939,510928,303318,207610,449509,270668,178841
District - Saharanpur  01,Urban,747572,399970,347602,194062,106749,87313,169551,93682,75869
District - Muzaffarnagar  02,Total,3543362,1893832,1649530,828263,488786,339477,732217,437388,294829
District - Muzaffarnagar  02,Rural,2639480,1414221,1225259,602625,362311,240314,534828,326138,208690
District - Muzaffarnagar  02,Urban,903882,479611,424271,225638,126475,99163,197389,111250,86139
District - Bijnor  03,Total,3131619,1651908,1479711,730914,419676,311238,646518,375631,270887
District - Bijnor  03,Rural,2370268,1251936,1118332,551169,323569,227600,486487,289702,196785
District - Bijnor  03,Urban,761351,399972,361379,179745,96107,83638,160031,85929,74102
District - Moradabad  04,Total,3810983,2032302,1778681,692110,423784,268326,607896,377611,230285
District - Moradabad  04,Rural,2647292,1415425,1231867,438166,285328,152838,383735,254826,128909
District - Moradabad  04,Urban,1163691,616877,546814,253944,138456,115488,224161,122785,101376
District - Rampur  05,Total,1923739,1023775,899964,316769,195567,121202,267865,168389,99476
District - Rampur  05,Rural,1443286,771204,672082,218298,142220,76078,180860,121072,59788
District - Rampur  05,Urban,480453,252571,227882,98471,53347,45124,87005,47317,39688
District - Jyotiba Phule Nagar *  06,Total,1499068,795228,703840,306521,188311,118210,272553,169827,102726
District - Jyotiba Phule Nagar *  06,Rural,1130881,601379,529502,226936,144113,82823,202520,130679,71841
District - Jyotiba Phule Nagar *  06,Urban,368187,193849,174338,79585,44198,35387,70033,39148,30885
District - Meerut  07,Total,2997361,1601578,1395783,771488,441342,330146,681626,393093,288533
District - Meerut  07,Rural,1545378,826908,718470,391385,230812,160573,352691,210183,142508
District - Meerut  07,Urban,1451983,774670,677313,380103,210530,169573,328935,182910,146025
District - Baghpat *  08,Total,1163991,630077,533914,298763,178825,119938,269582,162819,106763
District - Baghpat *  08,Rural,934559,507166,427393,237817,143733,94084,215805,131719,84086
District - Baghpat *  08,Urban,229432,122911,106521,60946,35092,25854,53777,31100,22677
District - Ghaziabad  09,Total,3290586,1769042,1521544,887823,508699,379124,784808,453464,331344
District - Ghaziabad  09,Rural,1474171,793186,680985,374966,221495,153471,330901,197727,133174
District - Ghaziabad  09,Urban,1816415,975856,840559,512857,287204,225653,453907,255737,198170
District - Gautam Buddha Nagar *  10,Total,1202030,652819,549211,305519,181105,124414,274336,164660,109676
District - Gautam Buddha Nagar *  10,Rural,752615,406131,346484,195787,118552,77235,177100,108718,68382
District - Gautam Buddha Nagar *  10,Urban,449415,246688,202727,109732,62553,47179,97236,55942,41294
District - Bulandshahr  11,Total,2913122,1550326,1362796,670262,407677,262585,595919,367631,228288
District - Bulandshahr  11,Rural,2238664,1192952,1045712,511166,317678,193488,455659,287716,167943
District - Bulandshahr  11,Urban,674458,357374,317084,159096,89999,69097,140260,79915,60345
District - Aligarh  12,Total,2992286,1607402,1384884,693088,422410,270678,619321,382737,236584
District - Aligarh  12,Rural,2127592,1146456,981136,483210,303380,179830,432091,275693,156398
District - Aligarh  12,Urban,864694,460946,403748,209878,119030,90848,187230,107044,80186
District - Hathras *  13,Total,1336031,718930,617101,331503,198924,132579,290279,177224,113055
District - Hathras *  13,Rural,1071551,578159,493392,266255,162338,103917,233757,145277,88480
District - Hathras *  13,Urban,264480,140771,123709,65248,36586,28662,56522,31947,24575
District - Mathura  14,Total,2074516,1127512,947004,496992,309909,187083,437893,277758,160135
District - Mathura  14,Rural,1487493,809946,677547,345616,223382,122234,304997,201169,103828
District - Mathura  14,Urban,587023,317566,269457,151376,86527,64849,132896,76589,56307
District - Agra  15,Total,3620436,1961282,1659154,914907,551475,363432,800243,489829,310414
District - Agra  15,Rural,2052727,1114110,938617,473017,300138,172879,413288,267482,145806
District - Agra  15,Urban,1567709,847172,720537,441890,251337,190553,386955,222347,164608
District - Firozabad  16,Total,2052958,1108668,944290,525013,312327,212686,460413,278037,182376
District - Firozabad  16,Rural,1430405,777113,653292,365186,222896,142290,321790,199805,121985
District - Firozabad  16,Urban,622553,331555,290998,159827,89431,70396,138623,78232,60391
District - Etah  17,Total,2790410,1509199,1281211,607253,374882,232371,526466,331586,194880
District - Etah  17,Rural,2306747,1252724,1054023,488166,307986,180180,422764,272840,149924
District - Etah  17,Urban,483663,256475,227188,119087,66896,52191,103702,58746,44956
District - Mainpuri  18,Total,1596718,859934,736784,406443,241674,164769,359357,217020,142337
District - Mainpuri  18,Rural,1363625,736658,626967,339741,204791,134950,300612,184309,116303
District - Mainpuri  18,Urban,233093,123276,109817,66702,36883,29819,58745,32711,26034
District - Budaun  19,Total,3069426,1666669,1402757,492351,318351,174000,422370,278237,144133
District - Budaun  19,Rural,2512290,1371980,1140310,375458,252468,122990,320865,220703,100162
District - Budaun  19,Urban,557136,294689,262447,116893,65883,51010,101505,57534,43971
District - Bareilly  20,Total,3618589,1934119,1684470,714766,434411,280355,611104,378470,232634
District - Bareilly  20,Rural,2427139,1303590,1123549,451203,288473,162730,379569,249428,130141
District - Bareilly  20,Urban,1191450,630529,560921,263563,145938,117625,231535,129042,102493
District - Pilibhit  21,Total,1645183,876368,768815,327919,201021,126898,288161,179954,108207
District - Pilibhit  21,Rural,1350959,720322,630637,259640,162677,96963,227031,145401,81630
District - Pilibhit  21,Urban,294224,156046,138178,68279,38344,29935,61130,34553,26577
District - Shahjahanpur  22,Total,2547855,1383408,1164447,484471,294908,189563,425530,263712,161818
District - Shahjahanpur  22,Rural,2022329,1101426,920903,370765,232426,138339,324577,207912,116665
District - Shahjahanpur  22,Urban,525526,281982,243544,113706,62482,51224,100953,55800,45153
District - Kheri  23,Total,3207232,1713908,1493324,596385,361919,234466,508880,315736,193144
District - Kheri  23,Rural,2861695,1529604,1332091,508936,313611,195325,431213,272623,158590
District - Kheri  23,Urban,345537,184304,161233,87449,48308,39141,77667,43113,34554
District - Sitapur  24,Total,3619661,1941374,1678287,676161,408305,267856,589601,363533,226068
District - Sitapur  24,Rural,3186973,1714279,1472694,567403,349487,217916,492755,310819,181936
District - Sitapur  24,Urban,432688,227095,205593,108758,58818,49940,96846,52714,44132
District - Hardoi  25,Total,3398306,1842698,1555608,646459,399617,246842,578286,363197,215089
District - Hardoi  25,Rural,2990993,1626218,1364775,550732,346061,204671,491910,314550,177360
District - Hardoi  25,Urban,407313,216480,190833,95727,53556,42171,86376,48647,37729
District - Unnao  26,Total,2700324,1422509,1277815,570982,328610,242372,497088,290197,206891
District - Unnao  26,Rural,2288781,1205652,1083129,466306,272333,193973,403468,239624,163844
District - Unnao  26,Urban,411543,216857,194686,104676,56277,48399,93620,50573,43047
District - Lucknow  27,Total,3647834,1932317,1715517,949867,525417,424450,836953,467312,369641
District - Lucknow  27,Rural,1326873,703044,623829,287699,167968,119731,254868,151056,103812
District - Lucknow  27,Urban,2320961,1229273,1091688,662168,357449,304719,582085,316256,265829
District - Rae Bareli  28,Total,2872335,1472230,1400105,618115,360782,257333,543788,322204,221584
District - Rae Bareli  28,Rural,2598337,1329090,1269247,536557,316814,219743,470506,282440,188066
District - Rae Bareli  28,Urban,273998,143140,130858,81558,43968,37590,73282,39764,33518
District - Farrukhabad  29,Total,1570408,849800,720608,357284,211586,145698,317799,190666,127133
District - Farrukhabad  29,Rural,1228864,667586,561278,268413,162310,106103,238579,146522,92057
District - Farrukhabad  29,Urban,341544,182214,159330,88871,49276,39595,79220,44144,35076
District - Kannauj *  30,Total,1388923,744170,644753,321990,189532,132458,288796,172187,116609
District - Kannauj *  30,Rural,1156951,621751,535200,265955,158267,107688,237738,143511,94227
District - Kannauj *  30,Urban,231972,122419,109553,56035,31265,24770,51058,28676,22382
District - Etawah  31,Total,1338871,720749,618122,358562,207438,151124,319872,187026,132846
District - Etawah  31,Rural,1030789,557439,473350,267625,157574,110051,239404,142693,96711
District - Etawah  31,Urban,308082,163310,144772,90937,49864,41073,80468,44333,36135
District - Auraiya *  32,Total,1179993,635762,544231,308759,176681,132078,279147,161118,118029
District - Auraiya *  32,Rural,1011026,546142,464884,258393,149252,109141,233479,136129,97350
District - Auraiya *  32,Urban,168967,89620,79347,50366,27429,22937,45668,24989,20679
District - Kanpur Dehat  33,Total,1563336,844339,718997,380394,217935,162459,341822,197921,143901
District - Kanpur Dehat  33,Rural,1455569,786624,668945,352673,202560,150113,316634,183910,132724
District - Kanpur Dehat  33,Urban,107767,57715,50052,27721,15375,12346,25188,14011,11177
District - Kanpur Nagar  34,Total,4167999,2247216,1920783,1094105,597938,496167,967951,532022,435929
District - Kanpur Nagar  34,Rural,1370488,738072,632416,316328,179952,136376,280850,161549,119301
District - Kanpur Nagar  34,Urban,2797511,1509144,1288367,777777,417986,359791,687101,370473,316628
District - Jalaun  35,Total,1454452,786641,667811,352123,208657,143466,313518,188401,125117
District - Jalaun  35,Rural,1113926,604295,509631,257384,155273,102111,228836,140241,88595
District - Jalaun  35,Urban,340526,182346,158180,94739,53384,41355,84682,48160,36522
District - Jhansi  36,Total,1744931,932818,812113,414984,243218,171766,368274,218713,149561
District - Jhansi  36,Rural,1033171,552379,480792,211287,130368,80919,189024,118595,70429
District - Jhansi  36,Urban,711760,380439,331321,203697,112850,90847,179250,100118,79132
District - Lalitpur  37,Total,977734,519413,458321,187080,116322,70758,166121,105039,61082
District - Lalitpur  37,Rural,835790,444665,391125,146778,94000,52778,130357,85046,45311
District - Lalitpur  37,Urban,141944,74748,67196,40302,22322,17980,35764,19993,15771
District - Hamirpur  38,Total,1043724,563801,479923,227065,138579,88486,205978,127421,78557
District - Hamirpur  38,Rural,869916,470298,399618,178965,110959,68006,162217,102059,60158
District - Hamirpur  38,Urban,173808,93503,80305,48100,27620,20480,43761,25362,18399
District - Mahoba *  39,Total,708447,379691,328756,141481,86665,54816,124434,77672,46762
District - Mahoba *  39,Rural,553552,297213,256339,101345,64034,37311,89250,57661,31589
District - Mahoba *  39,Urban,154895,82478,72417,40136,22631,17505,35184,20011,15173
District - Banda  40,Total,1537334,826544,710790,308458,192795,115663,277202,176143,101059
District - Banda  40,Rural,1293316,694989,598327,241114,154308,86806,216573,141075,75498
District - Banda  40,Urban,244018,131555,112463,67344,38487,28857,60629,35068,25561
District - Chitrakoot *  41,Total,766225,409178,357047,199980,116924,83056,180418,107386,73032
District - Chitrakoot *  41,Rural,689665,368300,321365,178834,105012,73822,161160,96425,64735
District - Chitrakoot *  41,Urban,76560,40878,35682,21146,11912,9234,19258,10961,8297
District - Fatehpur  42,Total,2308384,1219602,1088782,506685,297527,209158,449334,267666,181668
District - Fatehpur  42,Rural,2070634,1094343,976291,442973,262976,179997,392221,236486,155735
District - Fatehpur  42,Urban,237750,125259,112491,63712,34551,29161,57113,31180,25933
District - Pratapgarh  43,Total,2731174,1362948,1368226,684582,401151,283431,606211,361556,244655
District - Pratapgarh  43,Rural,2586619,1287741,1298878,641565,377684,263881,567568,340377,227191
District - Pratapgarh  43,Urban,144555,75207,69348,43017,23467,19550,38643,21179,17464
District - Kaushambi *  44,Total,1293154,682290,610864,255732,161668,94064,223266,144082,79184
District - Kaushambi *  44,Rural,1201369,634037,567332,233888,149238,84650,203519,132727,70792
District - Kaushambi *  44,Urban,91785,48253,43532,21844,12430,9414,19747,11355,8392
District - Allahabad  45,Total,4936105,2626448,2309657,1279234,779140,500094,1132604,702562,430042
District - Allahabad  45,Rural,3729320,1962425,1766895,882814,548186,334628,772199,489778,282421
District - Allahabad  45,Urban,1206785,664023,542762,396420,230954,165466,360405,212784,147621
District - Barabanki  46,Total,2673581,1416921,1256660,487405,291676,195729,419636,256334,163302
District - Barabanki  46,Rural,2424836,1285928,1138908,429474,260054,169420,369566,228663,140903
District - Barabanki  46,Urban,248745,130993,117752,57931,31622,26309,50070,27671,22399
District - Faizabad  47,Total,2088928,1077472,1011456,486584,283655,202929,427061,252813,174248
District - Faizabad  47,Rural,1807655,925443,882212,406871,239959,166912,355484,213269,142215
District - Faizabad  47,Urban,281273,152029,129244,79713,43696,36017,71577,39544,32033
District - Ambedkar Nagar *  48,Total,2026876,1024953,1001923,508706,283498,225208,455132,256986,198146
District - Ambedkar Nagar *  48,Rural,1845783,930846,914937,458232,257086,201146,409193,232862,176331
District - Ambedkar Nagar *  48,Urban,181093,94107,86986,50474,26412,24062,45939,24124,21815
District - Sultanpur  49,Total,3214832,1623819,1591013,747801,438827,308974,659158,393527,265631
District - Sultanpur  49,Rural,3062574,1543351,1519223,700249,412528,287721,615941,369518,246423
District - Sultanpur  49,Urban,152258,80468,71790,47552,26299,21253,43217,24009,19208
District - Bahraich  50,Total,2381072,1275351,1105721,314180,200286,113894,267959,174720,93239
District - Bahraich  50,Rural,2143074,1149080,993994,253011,167281,85730,213719,145208,68511
District - Bahraich  50,Urban,237998,126271,111727,61169,33005,28164,54240,29512,24728
District - Shrawasti *  51,Total,1176391,631916,544475,144848,98825,46023,121583,85307,36276
District - Shrawasti *  51,Rural,1143035,614396,528639,137994,94980,43014,115528,81839,33689
District - Shrawasti *  51,Urban,33356,17520,15836,6854,3845,3009,6055,3468,2587
District - Balrampur *  52,Total,1682350,887939,794411,214384,140758,73626,185320,124424,60896
District - Balrampur *  52,Rural,1546770,816561,730209,182915,123392,59523,157324,108815,48509
District - Balrampur *  52,Urban,135580,71378,64202,31469,17366,14103,27996,15609,12387
District - Gonda  53,Total,2765586,1451101,1314485,444473,288412,156061,386112,256241,129871
District - Gonda  53,Rural,2571267,1346004,1225263,386420,254736,131684,333154,225251,107903
District - Gonda  53,Urban,194319,105097,89222,58053,33676,24377,52958,30990,21968
District - Siddharthnagar  54,Total,2040085,1047165,992920,341042,216986,124056,292822,190638,102184
District - Siddharthnagar  54,Rural,1962284,1006401,955883,320067,205431,114636,274350,180365,93985
District - Siddharthnagar  54,Urban,77801,40764,37037,20975,11555,9420,18472,10273,8199
District - Basti  55,Total,2084814,1075765,1009049,452551,272467,180084,396830,243447,153383
District - Basti  55,Rural,1968829,1014325,954504,416718,252690,164028,364262,225317,138945
District - Basti  55,Urban,115985,61440,54545,35833,19777,16056,32568,18130,14438
District - Sant Kabir Nagar *  56,Total,1420226,719465,700761,289394,177152,112242,258058,160640,97418
District - Sant Kabir Nagar *  56,Rural,1319675,666747,652928,264343,162787,101556,235263,147473,87790
District - Sant Kabir Nagar *  56,Urban,100551,52718,47833,25051,14365,10686,22795,13167,9628
District - Maharajganj  57,Total,2173878,1124290,1049588,390708,248586,142122,334465,218400,116065
District - Maharajganj  57,Rural,2063278,1066457,996821,361231,232230,129001,308026,203600,104426
District - Maharajganj  57,Urban,110600,57833,52767,29477,16356,13121,26439,14800,11639
District - Gorakhpur  58,Total,3769456,1923197,1846259,911300,535884,375416,820470,488556,331914
District - Gorakhpur  58,Rural,3030865,1532750,1498115,685097,411589,273508,616748,375798,240950
District - Gorakhpur  58,Urban,738591,390447,348144,226203,124295,101908,203722,112758,90964
District - Kushinagar *  59,Total,2893196,1473637,1419559,568115,352096,216019,493909,311973,181936
District - Kushinagar *  59,Rural,2760673,1403987,1356686,532128,332095,200033,461560,293851,167709
District - Kushinagar *  59,Urban,132523,69650,62873,35987,20001,15986,32349,18122,14227
District - Deoria  60,Total,2712650,1355023,1357627,702205,408097,294108,612028,361699,250329
District - Deoria  60,Rural,2444345,1215257,1229088,623823,364685,259138,541603,322416,219187
District - Deoria  60,Urban,268305,139766,128539,78382,43412,34970,70425,39283,31142
District - Azamgarh  61,Total,3939916,1950415,1989501,974286,557859,416427,869963,505526,364437
District - Azamgarh  61,Rural,3642615,1796544,1846071,891393,513112,378281,796212,465327,330885
District - Azamgarh  61,Urban,297301,153871,143430,82893,44747,38146,73751,40199,33552
District - Mau  62,Total,1853997,933523,920474,512815,288125,224690,451434,257154,194280
District - Mau  62,Rural,1493628,747576,746052,415432,233815,181617,367392,209598,157794
District - Mau  62,Urban,360369,185947,174422,97383,54310,43073,84042,47556,36486
District - Ballia  63,Total,2761620,1413774,1347846,671973,400184,271789,601662,363467,238195
District - Ballia  63,Rural,2491676,1272108,1219568,600934,360180,240754,537840,327123,210717
District - Ballia  63,Urban,269944,141666,128278,71039,40004,31035,63822,36344,27478
District - Jaunpur  64,Total,3911679,1941903,1969776,983730,582057,401673,899192,538913,360279
District - Jaunpur  64,Rural,3622268,1790619,1831649,901793,537387,364406,824493,497905,326588
District - Jaunpur  64,Urban,289411,151284,138127,81937,44670,37267,74699,41008,33691
District - Ghazipur  65,Total,3037582,1537141,1500441,786321,464362,321959,713959,426826,287133
District - Ghazipur  65,Rural,2804212,1414994,1389218,718466,426501,291965,651773,391863,259910
District - Ghazipur  65,Urban,233370,122147,111223,67855,37861,29994,62186,34963,27223
District - Chandauli *  66,Total,1643251,855123,788128,385437,229505,155932,350283,211328,138955
District - Chandauli *  66,Rural,1469693,763127,706566,335049,201057,133992,304097,185007,119090
District - Chandauli *  66,Urban,173558,91996,81562,50388,28448,21940,46186,26321,19865
District - Varanasi  67,Total,3138671,1649187,1489484,817146,471622,345524,732532,428382,304150
District - Varanasi  67,Rural,1878100,976055,902045,478596,282792,195804,431250,258478,172772
District - Varanasi  67,Urban,1260571,673132,587439,338550,188830,149720,301282,169904,131378
District - Sant Ravidas Nagar *  68,Total,1353705,705997,647708,343106,219885,123221,309604,202141,107463
District - Sant Ravidas Nagar *  68,Rural,1180220,613756,566464,296461,193038,103423,267934,177843,90091
District - Sant Ravidas Nagar *  68,Urban,173485,92241,81244,46645,26847,19798,41670,24298,17372
District - Mirzapur  69,Total,2116042,1115249,1000793,472100,292195,179905,432292,271003,161289
District - Mirzapur  69,Rural,1829536,962560,866976,396004,248982,147022,363076,231365,131711
District - Mirzapur  69,Urban,286506,152689,133817,76096,43213,32883,69216,39638,29578
District - Sonbhadra  70,Total,1463519,770897,692622,276500,171090,105410,251458,157586,93872
District - Sonbhadra  70,Rural,1188089,620068,568021,183770,118873,64897,165192,108675,56517
District - Sonbhadra  70,Urban,275430,150829,124601,92730,52217,40513,86266,48911,37355
State - TAMIL NADU  33,Total,62405679,31400909,31004770,13588307,7179855,6408452,11505916,6121119,5384797
State - TAMIL NADU  33,Rural,34921681,17531494,17390187,7399959,3969660,3430299,6241800,3378937,2862863
State - TAMIL NADU  33,Urban,27483998,13869415,13614583,6188348,3210195,2978153,5264116,2742182,2521934
District - Thiruvallur  01,Total,2754756,1397407,1357349,627929,331887,296042,522541,278562,243979
District - Thiruvallur  01,Rural,1254674,629052,625622,280339,149403,130936,232227,125119,107108
District - Thiruvallur  01,Urban,1500082,768355,731727,347590,182484,165106,290314,153443,136871
District - Chennai  02,Total,4343645,2219539,2124106,952492,495814,456678,804235,421406,382829
District - Chennai  02,Rural,0,0,0,0,0,0,0,0,0
District - Chennai  02,Urban,4343645,2219539,2124106,952492,495814,456678,804235,421406,382829
District - Kancheepuram  03,Total,2877468,1457242,1420226,665496,349775,315721,555200,294411,260789
District - Kancheepuram  03,Rural,1342502,676095,666407,308980,162990,145990,255777,136281,119496
District - Kancheepuram  03,Urban,1534966,781147,753819,356516,186785,169731,299423,158130,141293
District - Vellore  04,Total,3477317,1741083,1736234,790108,416263,373845,664806,352574,312232
District - Vellore  04,Rural,2169319,1088090,1081229,479983,255433,224550,403417,216247,187170
District - Vellore  04,Urban,1307998,652993,655005,310125,160830,149295,261389,136327,125062
District - Dharmapuri  05,Total,2856300,1473597,1382703,646285,354119,292166,543131,299641,243490
District - Dharmapuri  05,Rural,2400354,1240122,1160232,533938,295383,238555,449148,250398,198750
District - Dharmapuri  05,Urban,455946,233475,222471,112347,58736,53611,93983,49243,44740
District - Tiruvannamalai  06,Total,2186125,1095859,1090266,482468,257246,225222,405129,217967,187162
District - Tiruvannamalai  06,Rural,1785364,895738,889626,387375,208021,179354,325285,176516,148769
District - Tiruvannamalai  06,Urban,400761,200121,200640,95093,49225,45868,79844,41451,38393
District - Viluppuram  07,Total,2960373,1492442,1467931,660939,355264,305675,555870,302166,253704
District - Viluppuram  07,Rural,2533456,1277415,1256041,555197,299960,255237,465808,254740,211068
District - Viluppuram  07,Urban,426917,215027,211890,105742,55304,50438,90062,47426,42636
District - Salem  08,Total,3016346,1563633,1452713,608404,340323,268081,512157,289235,222922
District - Salem  08,Rural,1626162,852453,773709,316682,183331,133351,266049,155836,110213
District - Salem  08,Urban,1390184,711180,679004,291722,156992,134730,246108,133399,112709
District - Namakkal   *  09,Total,1493462,759551,733911,291539,159781,131758,252380,139204,113176
District - Namakkal   *  09,Rural,948230,482365,465865,181996,100957,81039,157992,88278,69714
District - Namakkal   *  09,Urban,545232,277186,268046,109543,58824,50719,94388,50926,43462
District - Erode  10,Total,2581500,1309278,1272222,458520,244021,214499,398928,213663,185265
District - Erode  10,Rural,1387537,705436,682101,227472,123372,104100,197090,107882,89208
District - Erode  10,Urban,1193963,603842,590121,231048,120649,110399,201838,105781,96057
District - The Nilgiris  11,Total,762141,378351,383790,169102,87060,82042,149929,77317,72612
District - The Nilgiris  11,Rural,307532,151874,155658,64096,33432,30664,56410,29558,26852
District - The Nilgiris  11,Urban,454609,226477,228132,105006,53628,51378,93519,47759,45760
District - Coimbatore  12,Total,4271856,2176031,2095825,804076,415831,388245,687255,356805,330450
District - Coimbatore  12,Rural,1451653,734699,716954,250026,132208,117818,211973,112878,99095
District - Coimbatore  12,Urban,2820203,1441332,1378871,554050,283623,270427,475282,243927,231355
District - Dindigul  13,Total,1923014,968137,954877,392870,208722,184148,335186,179441,155745
District - Dindigul  13,Rural,1249762,629073,620689,242602,130438,112164,206977,112215,94762
District - Dindigul  13,Urban,673252,339064,334188,150268,78284,71984,128209,67226,60983
District - Karur  *  14,Total,935686,465538,470148,179053,95661,83392,153511,82612,70899
District - Karur  *  14,Rural,624430,310922,313508,113090,60894,52196,96970,52713,44257
District - Karur  *  14,Urban,311256,154616,156640,65963,34767,31196,56541,29899,26642
District - Tiruchirappalli  15,Total,2418366,1208534,1209832,560871,293336,267535,482864,253927,228937
District - Tiruchirappalli  15,Rural,1279204,638617,640587,276688,147358,129330,235370,126333,109037
District - Tiruchirappalli  15,Urban,1139162,569917,569245,284183,145978,138205,247494,127594,119900
District - Perambalur  *  16,Total,493646,246141,247505,112253,61764,50489,96444,53736,42708
District - Perambalur  *  16,Rural,414426,206807,207619,90484,50187,40297,77211,43446,33765
District - Perambalur  *  16,Urban,79220,39334,39886,21769,11577,10192,19233,10290,8943
District - Ariyalur  *  17,Total,695524,346763,348761,153383,82091,71292,130559,70632,59927
District - Ariyalur  *  17,Rural,616539,307670,308869,133291,72060,61231,113105,61920,51185
District - Ariyalur  *  17,Urban,78985,39093,39892,20092,10031,10061,17454,8712,8742
District - Cuddalore  18,Total,2285395,1150908,1134487,534596,284113,250483,450693,242054,208639
District - Cuddalore  18,Rural,1531034,771786,759248,345747,186782,158965,290247,159112,131135
District - Cuddalore  18,Urban,754361,379122,375239,188849,97331,91518,160446,82942,77504
District - Nagapattinam  *  19,Total,1488839,739074,749765,337004,173001,164003,280525,144584,135941
District - Nagapattinam  *  19,Rural,1158557,576010,582547,258208,133440,124768,214105,111291,102814
District - Nagapattinam  *  19,Urban,330282,163064,167218,78796,39561,39235,66420,33293,33127
District - Thiruvarur  20,Total,1169474,580784,588690,261132,135273,125859,219984,114688,105296
District - Thiruvarur  20,Rural,932231,463502,468729,205366,106627,98739,172633,90266,82367
District - Thiruvarur  20,Urban,237243,117282,119961,55766,28646,27120,47351,24422,22929
District - Thanjavur  21,Total,2216138,1096638,1119500,499789,259353,240436,420074,218984,201090
District - Thanjavur  21,Rural,1467577,726493,741084,319789,166722,153067,267014,140038,126976
District - Thanjavur  21,Urban,748561,370145,378416,180000,92631,87369,153060,78946,74114
District - Pudukkottai  22,Total,1459601,724300,735301,325417,170307,155110,274988,144937,130051
District - Pudukkottai  22,Rural,1211217,600511,610706,263729,138750,124979,222556,118115,104441
District - Pudukkottai  22,Urban,248384,123789,124595,61688,31557,30131,52432,26822,25610
District - Sivaganga  23,Total,1155356,566947,588409,256498,133708,122790,217824,114175,103649
District - Sivaganga  23,Rural,829272,405093,424179,177544,93097,84447,150370,79475,70895
District - Sivaganga  23,Urban,326084,161854,164230,78954,40611,38343,67454,34700,32754
District - Madurai  24,Total,2578201,1303363,1274838,572824,303505,269319,482941,257637,225304
District - Madurai  24,Rural,1134025,573036,560989,237637,130738,106899,200444,111562,88882
District - Madurai  24,Urban,1444176,730327,713849,335187,172767,162420,282497,146075,136422
District - Theni  *  25,Total,1093950,552986,540964,239259,131461,107798,205347,113668,91679
District - Theni  *  25,Rural,502109,255152,246957,106809,60128,46681,90794,51643,39151
District - Theni  *  25,Urban,591841,297834,294007,132450,71333,61117,114553,62025,52528
District - Virudhunagar  26,Total,1751301,870376,880925,370555,197088,173467,312224,167640,144584
District - Virudhunagar  26,Rural,973956,482626,491330,201999,109043,92956,170302,93074,77228
District - Virudhunagar  26,Urban,777345,387750,389595,168556,88045,80511,141922,74566,67356
District - Ramanathapuram  27,Total,1187604,583376,604228,277869,145849,132020,233581,123552,110029
District - Ramanathapuram  27,Rural,885210,433290,451920,200938,106566,94372,169114,90504,78610
District - Ramanathapuram  27,Urban,302394,150086,152308,76931,39283,37648,64467,33048,31419
District - Thoothukkudi  28,Total,1572273,766823,805450,353787,180855,172932,301539,154316,147223
District - Thoothukkudi  28,Rural,907500,439254,468246,199218,103177,96041,169608,88133,81475
District - Thoothukkudi  28,Urban,664773,327569,337204,154569,77678,76891,131931,66183,65748
District - Tirunelveli  29,Total,2723988,1333939,1390049,604887,316840,288047,512648,270222,242426
District - Tirunelveli  29,Rural,1415742,688797,726945,302975,160292,142683,256170,136695,119475
District - Tirunelveli  29,Urban,1308246,645142,663104,301912,156548,145364,256478,133527,122951
District - Kanniyakumari  30,Total,1676034,832269,843765,398902,199544,199358,343423,171363,172060
District - Kanniyakumari  30,Rural,582107,289516,292591,137761,68871,68890,117634,58669,58965
District - Kanniyakumari  30,Urban,1093927,542753,551174,261141,130673,130468,225789,112694,113095
State - WEST BENGAL  19,Total,80176197,41465985,38710212,16780202,9049249,7730953,14959311,8147912,6811399
State - WEST BENGAL  19,Rural,57748946,29616009,28132937,12006905,6495395,5511510,10596667,5800859,4795808
State - WEST BENGAL  19,Urban,22427251,11849976,10577275,4773297,2553854,2219443,4362644,2347053,2015591
District - Darjiling  01,Total,1609172,830644,778528,399971,213551,186420,354037,190173,163864
District - Darjiling  01,Rural,1088740,556633,532107,262036,139960,122076,228166,122750,105416
District - Darjiling  01,Urban,520432,274011,246421,137935,73591,64344,125871,67423,58448
District - Jalpaiguri  02,Total,3401173,1751145,1650028,766194,411001,355193,674276,365312,308964
District - Jalpaiguri  02,Rural,2794291,1437156,1357135,627023,337793,289230,546406,297822,248584
District - Jalpaiguri  02,Urban,606882,313989,292893,139171,73208,65963,127870,67490,60380
District - Koch Bihar  03,Total,2479155,1272094,1207061,579180,309075,270105,514514,276993,237521
District - Koch Bihar  03,Rural,2253537,1157241,1096296,526789,281841,244948,465576,251442,214134
District - Koch Bihar  03,Urban,225618,114853,110765,52391,27234,25157,48938,25551,23387
District - Uttar Dinajpur  04,Total,2441794,1259737,1182057,418548,238919,179629,356832,206931,149901
District - Uttar Dinajpur  04,Rural,2147351,1104224,1043127,346557,198986,147571,288845,168997,119848
District - Uttar Dinajpur  04,Urban,294443,155513,138930,71991,39933,32058,67987,37934,30053
District - Dakshin Dinajpur *  05,Total,1503178,770335,732843,331249,177364,153885,281915,153594,128321
District - Dakshin Dinajpur *  05,Rural,1306324,669796,636528,283134,152037,131097,237376,130038,107338
District - Dakshin Dinajpur *  05,Urban,196854,100539,96315,48115,25327,22788,44539,23556,20983
District - Maldah  06,Total,3290468,1689406,1601062,588637,325858,262779,522086,291840,230246
District - Maldah  06,Rural,3049528,1565654,1483874,533825,297205,236620,471621,265439,206182
District - Maldah  06,Urban,240940,123752,117188,54812,28653,26159,50465,26401,24064
District - Murshidabad  07,Total,5866569,3005000,2861569,1159697,622725,536972,1037012,561916,475096
District - Murshidabad  07,Rural,5133835,2633196,2500639,1006484,540113,466371,896127,485477,410650
District - Murshidabad  07,Urban,732734,371804,360930,153213,82612,70601,140885,76439,64446
District - Birbhum  08,Total,3015422,1546633,1468789,588726,329623,259103,514470,292095,222375
District - Birbhum  08,Rural,2757002,1414097,1342905,532518,298914,233604,462077,263353,198724
District - Birbhum  08,Urban,258420,132536,125884,56208,30709,25499,52393,28742,23651
District - Barddhaman  09,Total,6895514,3588376,3307138,1454238,799161,655077,1313279,728212,585067
District - Barddhaman  09,Rural,4348466,2239187,2109279,864800,475682,389118,772923,429615,343308
District - Barddhaman  09,Urban,2547048,1349189,1197859,589438,323479,265959,540356,298597,241759
District - Nadia  10,Total,4604827,2366853,2237974,983406,525067,458339,895107,481580,413527
District - Nadia  10,Rural,3625308,1867682,1757626,779236,417557,361679,704881,380884,323997
District - Nadia  10,Urban,979519,499171,480348,204170,107510,96660,190226,100696,89530
District - North Twenty Four Parganas  11,Total,8934286,4638756,4295530,1915386,1013649,901737,1748526,930944,817582
District - North Twenty Four Parganas  11,Rural,4083339,2102208,1981131,894236,467345,426891,807005,424667,382338
District - North Twenty Four Parganas  11,Urban,4850947,2536548,2314399,1021150,546304,474846,941521,506277,435244
District - Hugli  12,Total,5041976,2589625,2452351,1026732,531625,495107,932105,484699,447406
District - Hugli  12,Rural,3354227,1699831,1654396,685769,349488,336281,617213,315667,301546
District - Hugli  12,Urban,1687749,889794,797955,340963,182137,158826,314892,169032,145860
District - Bankura  13,Total,3192695,1636002,1556693,645572,369513,276059,563670,328538,235132
District - Bankura  13,Rural,2957447,1515450,1441997,594091,341702,252389,516040,302648,213392
District - Bankura  13,Urban,235248,120552,114696,51481,27811,23670,47630,25890,21740
District - Puruliya  14,Total,2536516,1298078,1238438,467976,284214,183762,412526,255501,157025
District - Puruliya  14,Rural,2281090,1165054,1116036,408068,251023,157045,357609,224888,132721
District - Puruliya  14,Urban,255426,133024,122402,59908,33191,26717,54917,30613,24304
District - Medinipur  15,Total,9610788,4916370,4694418,2197312,1183107,1014205,1939971,1062743,877228
District - Medinipur  15,Rural,8626883,4407920,4218963,1961190,1056488,904702,1723441,945487,777954
District - Medinipur  15,Urban,983905,508450,475455,236122,126619,109503,216530,117256,99274
District - Haora  16,Total,4273099,2241898,2031201,864096,444251,419845,783431,404364,379067
District - Haora  16,Rural,2121109,1083410,1037699,425806,212775,213031,384998,192914,192084
District - Haora  16,Urban,2151990,1158488,993502,438290,231476,206814,398433,211450,186983
District - Kolkata  17,Total,4572876,2500040,2072836,897010,477570,419440,797578,426772,370806
District - Kolkata  17,Rural,0,0,0,0,0,0,0,0,0
District - Kolkata  17,Urban,4572876,2500040,2072836,897010,477570,419440,797578,426772,370806
District - South  Twenty Four Parganas  18,Total,6906689,3564993,3341696,1496272,792976,703296,1317976,705705,612271
District - South  Twenty Four Parganas  18,Rural,5820469,2997270,2823199,1275343,676486,598857,1116363,598771,517592
District - South  Twenty Four Parganas  18,Urban,1086220,567723,518497,220929,116490,104439,201613,106934,94679
State - JAMMU & KASHMIR  01,Total,10143700,5360926,4782774,2463443,1397468,1065975,2154992,1236475,918517
State - JAMMU & KASHMIR  01,Rural,7627062,3977652,3649410,1726467,999164,727303,1501336,881134,620202
State - JAMMU & KASHMIR  01,Urban,2516638,1383274,1133364,736976,398304,338672,653656,355341,298315
District - Kupwara  01,Total,650393,341303,309090,131433,77261,54172,114492,68811,45681
District - Kupwara  01,Rural,624898,326196,298702,124423,73302,51121,108245,65221,43024
District - Kupwara  01,Urban,25495,15107,10388,7010,3959,3051,6247,3590,2657
District - Baramula  02,Total,1169780,614816,554964,272015,158337,113678,234765,139377,95388
District - Baramula  02,Rural,973458,509182,464276,215416,127069,88347,184883,111449,73434
District - Baramula  02,Urban,196322,105634,90688,56599,31268,25331,49882,27928,21954
District - Srinagar  03,Total,1202447,649491,552956,350396,192675,157721,309007,171609,137398
District - Srinagar  03,Rural,256281,133934,122347,53027,31864,21163,44757,27453,17304
District - Srinagar  03,Urban,946166,515557,430609,297369,160811,136558,264250,144156,120094
District - Badgam  04,Total,629309,326050,303259,146491,85805,60686,127547,75910,51637
District - Badgam  04,Rural,558721,287973,270748,123443,72608,50835,106882,63892,42990
District - Badgam  04,Urban,70588,38077,32511,23048,13197,9851,20665,12018,8647
District - Pulwama  05,Total,652607,335544,317063,175795,97262,78533,156070,87721,68349
District - Pulwama  05,Rural,584100,299170,284930,155221,86584,68637,137732,78060,59672
District - Pulwama  05,Urban,68507,36374,32133,20574,10678,9896,18338,9661,8677
District - Anantnag  06,Total,1172434,610007,562427,274793,155867,118926,240512,138710,101802
District - Anantnag  06,Rural,1004071,518620,485451,226743,129872,96871,197767,115333,82434
District - Anantnag  06,Urban,168363,91387,76976,48050,25995,22055,42745,23377,19368
District - Leh (Ladakh)  07,Total,117232,64306,52926,30942,15560,15382,27129,13609,13520
District - Leh (Ladakh)  07,Rural,88593,46534,42059,23554,11797,11757,20696,10338,10358
District - Leh (Ladakh)  07,Urban,28639,17772,10867,7388,3763,3625,6433,3271,3162
District - Kargil  08,Total,119307,64955,54352,34532,19207,15325,30350,17038,13312
District - Kargil  08,Rural,108650,58120,50530,30881,17098,13783,26966,15076,11890
District - Kargil  08,Urban,10657,6835,3822,3651,2109,1542,3384,1962,1422
District - Doda  09,Total,691929,363526,328403,138794,86034,52760,122040,76704,45336
District - Doda  09,Rural,644234,335906,308328,124936,78395,46541,109499,69769,39730
District - Doda  09,Urban,47695,27620,20075,13858,7639,6219,12541,6935,5606
District - Udhampur  10,Total,743509,399686,343823,146887,85982,60905,127729,75455,52274
District - Udhampur  10,Rural,626882,330430,296452,118354,70712,47642,102464,61948,40516
District - Udhampur  10,Urban,116627,69256,47371,28533,15270,13263,25265,13507,11758
District - Punch  11,Total,372613,194213,178400,82764,49771,32993,67424,41540,25884
District - Punch  11,Rural,348635,180472,168163,75688,45811,29877,60987,37923,23064
District - Punch  11,Urban,23978,13741,10237,7076,3960,3116,6437,3617,2820
District - Rajauri  12,Total,483284,257336,225948,111509,64904,46605,96800,56921,39879
District - Rajauri  12,Rural,449629,237948,211681,101647,59659,41988,87982,52205,35777
District - Rajauri  12,Urban,33655,19388,14267,9862,5245,4617,8818,4716,4102
District - Jammu  13,Total,1588772,850302,738470,430224,231591,198633,379462,204280,175182
District - Jammu  13,Rural,887554,466689,420865,238215,129153,109062,210500,114347,96153
District - Jammu  13,Urban,701218,383613,317605,192009,102438,89571,168962,89933,79029
District - Kathua  14,Total,550084,289391,260693,136868,77212,59656,121665,68790,52875
District - Kathua  14,Rural,471356,246478,224878,114919,65240,49679,101976,58120,43856
District - Kathua  14,Urban,78728,42913,35815,21949,11972,9977,19689,10670,9019
State - HIMACHAL PRADESH  02,Total,6077900,3087940,2989960,1708015,911750,796265,1582652,846680,735972
State - HIMACHAL PRADESH  02,Rural,5482319,2756073,2726246,1530320,815709,714611,1419619,758544,661075
State - HIMACHAL PRADESH  02,Urban,595581,331867,263714,177695,96041,81654,163033,88136,74897
District - Chamba  01,Total,460887,235218,225669,122722,68060,54662,112447,62829,49618
District - Chamba  01,Rural,426345,216704,209641,111367,61972,49395,102200,57353,44847
District - Chamba  01,Urban,34542,18514,16028,11355,6088,5267,10247,5476,4771
District - Kangra  02,Total,1339030,661254,677776,388988,205734,183254,362811,191887,170924
District - Kangra  02,Rural,1266745,623259,643486,367324,194328,172996,342611,181230,161381
District - Kangra  02,Urban,72285,37995,34290,21664,11406,10258,20200,10657,9543
District - Lahul & Spiti  03,Total,33224,18441,14783,7476,3751,3725,6963,3508,3455
District - Lahul & Spiti  03,Rural,33224,18441,14783,7476,3751,3725,6963,3508,3455
District - Lahul & Spiti  03,Urban,0,0,0,0,0,0,0,0,0
District - Kullu  04,Total,381571,198016,183555,106919,57672,49247,99343,53887,45456
District - Kullu  04,Rural,351478,181131,170347,98717,53285,45432,91655,49765,41890
District - Kullu  04,Urban,30093,16885,13208,8202,4387,3815,7688,4122,3566
District - Mandi  05,Total,901344,447872,453472,254224,135514,118710,236602,126513,110089
District - Mandi  05,Rural,840362,415676,424686,236125,125916,110209,219815,117598,102217
District - Mandi  05,Urban,60982,32196,28786,18099,9598,8501,16787,8915,7872
District - Hamirpur  06,Total,412700,196593,216107,122629,64378,58251,114431,60046,54385
District - Hamirpur  06,Rural,382494,180366,202128,112660,58769,53891,105269,54870,50399
District - Hamirpur  06,Urban,30206,16227,13979,9969,5609,4360,9162,5176,3986
District - Una  07,Total,448273,224524,223749,120864,63444,57420,111354,58371,52983
District - Una  07,Rural,408849,203724,205125,110029,57632,52397,101700,53216,48484
District - Una  07,Urban,39424,20800,18624,10835,5812,5023,9654,5155,4499
District - Bilaspur  08,Total,340885,171263,169622,98017,52577,45440,89534,48121,41413
District - Bilaspur  08,Rural,318934,159488,159446,91215,48938,42277,83461,44884,38577
District - Bilaspur  08,Urban,21951,11775,10176,6802,3639,3163,6073,3237,2836
District - Solan  09,Total,500557,270291,230266,127083,68372,58711,117056,63150,53906
District - Solan  09,Rural,409362,214150,195212,105543,56684,48859,97388,52487,44901
District - Solan  09,Urban,91195,56141,35054,21540,11688,9852,19668,10663,9005
District - Sirmaur  10,Total,458593,241299,217294,127740,69112,58628,117636,63792,53844
District - Sirmaur  10,Rural,410923,215656,195267,113427,61335,52092,104746,56789,47957
District - Sirmaur  10,Urban,47670,25643,22027,14313,7777,6536,12890,7003,5887
District - Shimla  11,Total,722502,380996,341506,210669,112547,98122,195087,104645,90442
District - Shimla  11,Rural,555269,285305,269964,155753,82510,73243,144423,76913,67510
District - Shimla  11,Urban,167233,95691,71542,54916,30037,24879,50664,27732,22932
District - Kinnaur  12,Total,78334,42173,36161,20684,10589,10095,19388,9931,9457
District - Kinnaur  12,Rural,78334,42173,36161,20684,10589,10095,19388,9931,9457
District - Kinnaur  12,Urban,0,0,0,0,0,0,0,0,0
